fsz_nos_62_nb_5
1.0000  0.0000  0.0000  0.0
0.3090  -0.8090  0.5000  1400.0
0.7706  -0.6373  0.0000  2000.0
0.5774  -0.5774  0.5774  700.0
0.3047  0.5822  0.7537  2000.0
0.0000  0.0000  1.0000  1400.0
-0.2775  0.9421  0.1883  2000.0
0.3090  0.8090  0.5000  1400.0
-0.1883  -0.2775  0.9421  2000.0
0.0000  0.9342  -0.3568  700.0
0.2775  0.9421  0.1883  2000.0
0.3568  0.0000  0.9342  700.0
-0.3047  0.5822  0.7537  2000.0
-0.8090  0.5000  0.3090  1400.0
-0.7537  0.3047  0.5822  2000.0
0.5774  0.5774  -0.5774  700.0
0.3047  0.5822  -0.7537  2000.0
0.5000  -0.3090  0.8090  1400.0
0.7537  0.3047  -0.5822  2000.0
0.5257  -0.8507  0.0000  100.0
0.9421  -0.1883  -0.2775  2000.0
0.9342  0.3568  0.0000  700.0
-0.6373  0.0000  0.7706  2000.0
0.5257  0.8507  0.0000  100.0
0.7706  0.6373  0.0000  2000.0
0.0000  1.0000  0.0000  1400.0
0.1883  0.2775  0.9421  2000.0
1.0000  0.0000  0.0000  1400.0
0.2775  0.9421  -0.1883  2000.0
0.8090  0.5000  -0.3090  1400.0
0.7537  0.3047  0.5822  2000.0
0.5000  0.3090  0.8090  1400.0
-0.5774  0.5774  0.5774  700.0
0.6373  0.0000  0.7706  2000.0
-0.3090  0.8090  0.5000  1400.0
0.1883  -0.2775  0.9421  2000.0
-0.5000  -0.3090  0.8090  1400.0
0.3047  -0.5822  0.7537  2000.0
0.5774  0.5774  0.5774  700.0
-0.1883  0.2775  0.9421  2000.0
0.0000  0.9342  0.3568  700.0
0.5822  -0.7537  0.3047  2000.0
-0.8507  0.0000  0.5257  100.0
0.5822  0.7537  0.3047  2000.0
0.9342  -0.3568  0.0000  700.0
0.0000  0.7706  -0.6373  2000.0
0.0000  0.5257  0.8507  100.0
0.5822  0.7537  -0.3047  2000.0
0.3090  0.8090  -0.5000  1400.0
0.7537  -0.3047  0.5822  2000.0
-0.5000  0.3090  0.8090  1400.0
0.0000  0.7706  0.6373  2000.0
0.8507  0.0000  0.5257  100.0
0.9421  0.1883  0.2775  2000.0
0.8090  0.5000  0.3090  1400.0
-0.5822  0.7537  0.3047  2000.0
0.0000  0.5257  -0.8507  100.0
0.9421  -0.1883  0.2775  2000.0
0.8090  -0.5000  0.3090  1400.0
0.9421  0.1883  -0.2775  2000.0
-0.3568  0.0000  0.9342  700.0
-0.2775  0.9421  -0.1883  2000.0
