    1002
 0.00000  0.00000  0.00000
 0.00389  0.00388 -0.00201
 0.00778  0.00775 -0.00402
 0.01556  0.01551 -0.00804
 0.02334  0.02326 -0.01205
 0.03111  0.03100 -0.01607
 0.03887  0.03874 -0.02008
 0.04663  0.04647 -0.02408
 0.05438  0.05419 -0.02808
 0.06211  0.06189 -0.03208
 0.06983  0.06959 -0.03606
 0.07754  0.07727 -0.04004
 0.08523  0.08493 -0.04401
 0.09290  0.09258 -0.04798
 0.10056  0.10020 -0.05193
 0.10819  0.10781 -0.05587
 0.11579  0.11539 -0.05980
 0.12338  0.12295 -0.06371
 0.13093  0.13048 -0.06762
 0.13846  0.13799 -0.07151
 0.14596  0.14546 -0.07538
 0.15343  0.15291 -0.07924
 0.16086  0.16032 -0.08308
 0.16827  0.16770 -0.08690
 0.17563  0.17504 -0.09070
 0.18295  0.18235 -0.09449
 0.19024  0.18962 -0.09826
 0.19749  0.19685 -0.10200
 0.20469  0.20404 -0.10572
 0.21185  0.21119 -0.10942
 0.21896  0.21830 -0.11310
 0.22602  0.22536 -0.11675
 0.23303  0.23238 -0.12038
 0.24000  0.23935 -0.12399
 0.24691  0.24627 -0.12756
 0.25376  0.25314 -0.13112
 0.26056  0.25997 -0.13464
 0.26730  0.26674 -0.13813
 0.27398  0.27346 -0.14160
 0.28059  0.28013 -0.14504
 0.28715  0.28674 -0.14844
 0.29363  0.29330 -0.15182
 0.30006  0.29981 -0.15516
 0.30641  0.30625 -0.15847
 0.31269  0.31265 -0.16175
 0.31889  0.31898 -0.16499
 0.32503  0.32526 -0.16820
 0.33108  0.33147 -0.17138
 0.33706  0.33763 -0.17452
 0.34296  0.34373 -0.17762
 0.34877  0.34977 -0.18069
 0.35450  0.35575 -0.18371
 0.36014  0.36167 -0.18671
 0.36570  0.36753 -0.18966
 0.37116  0.37333 -0.19257
 0.37653  0.37906 -0.19544
 0.38181  0.38474 -0.19828
 0.38699  0.39036 -0.20107
 0.39207  0.39591 -0.20382
 0.39705  0.40141 -0.20653
 0.40193  0.40684 -0.20920
 0.40670  0.41222 -0.21182
 0.41136  0.41753 -0.21440
 0.41592  0.42279 -0.21694
 0.42036  0.42798 -0.21943
 0.42469  0.43312 -0.22188
 0.42890  0.43820 -0.22428
 0.43300  0.44323 -0.22663
 0.43697  0.44820 -0.22895
 0.44082  0.45311 -0.23121
 0.44455  0.45796 -0.23343
 0.44814  0.46277 -0.23559
 0.45161  0.46751 -0.23772
 0.45495  0.47221 -0.23979
 0.45815  0.47685 -0.24181
 0.46122  0.48145 -0.24379
 0.46414  0.48599 -0.24571
 0.46693  0.49049 -0.24759
 0.46957  0.49493 -0.24941
 0.47207  0.49934 -0.25118
 0.47442  0.50369 -0.25291
 0.47662  0.50800 -0.25458
 0.47866  0.51227 -0.25619
 0.48056  0.51650 -0.25776
 0.48229  0.52068 -0.25927
 0.48387  0.52483 -0.26073
 0.48529  0.52894 -0.26214
 0.48654  0.53301 -0.26349
 0.48763  0.53705 -0.26478
 0.48855  0.54105 -0.26602
 0.48931  0.54501 -0.26721
 0.48989  0.54895 -0.26834
 0.49030  0.55286 -0.26941
 0.49053  0.55673 -0.27042
 0.49059  0.56058 -0.27138
 0.49047  0.56440 -0.27228
 0.49017  0.56819 -0.27311
 0.48968  0.57196 -0.27389
 0.48901  0.57571 -0.27461
 0.48816  0.57944 -0.27527
 0.48712  0.58314 -0.27587
 0.48589  0.58682 -0.27640
 0.48447  0.59048 -0.27688
 0.48286  0.59413 -0.27729
 0.48105  0.59775 -0.27763
 0.47906  0.60136 -0.27791
 0.47686  0.60496 -0.27812
 0.47447  0.60854 -0.27827
 0.47188  0.61210 -0.27835
 0.46909  0.61565 -0.27836
 0.46611  0.61919 -0.27831
 0.46292  0.62271 -0.27818
 0.45953  0.62622 -0.27798
 0.45594  0.62972 -0.27771
 0.45214  0.63321 -0.27737
 0.44815  0.63668 -0.27695
 0.44394  0.64014 -0.27646
 0.43954  0.64359 -0.27589
 0.43493  0.64703 -0.27525
 0.43012  0.65046 -0.27452
 0.42510  0.65387 -0.27372
 0.41988  0.65727 -0.27284
 0.41445  0.66066 -0.27187
 0.40882  0.66403 -0.27082
 0.40299  0.66739 -0.26968
 0.39695  0.67074 -0.26846
 0.39071  0.67406 -0.26716
 0.38427  0.67737 -0.26576
 0.37763  0.68066 -0.26427
 0.37079  0.68393 -0.26270
 0.36375  0.68719 -0.26103
 0.35651  0.69041 -0.25926
 0.34908  0.69362 -0.25740
 0.34145  0.69680 -0.25544
 0.33363  0.69995 -0.25338
 0.32561  0.70307 -0.25123
 0.31741  0.70616 -0.24897
 0.30902  0.70922 -0.24661
 0.30044  0.71224 -0.24414
 0.29168  0.71523 -0.24157
 0.28273  0.71818 -0.23889
 0.27361  0.72108 -0.23610
 0.26431  0.72394 -0.23320
 0.25484  0.72675 -0.23018
 0.24520  0.72951 -0.22706
 0.23538  0.73222 -0.22382
 0.22541  0.73488 -0.22046
 0.21527  0.73747 -0.21698
 0.20497  0.74001 -0.21339
 0.19452  0.74247 -0.20967
 0.18391  0.74488 -0.20584
 0.17316  0.74721 -0.20188
 0.16227  0.74946 -0.19780
 0.15123  0.75164 -0.19359
 0.14006  0.75374 -0.18925
 0.12876  0.75575 -0.18479
 0.11733  0.75767 -0.18020
 0.10578  0.75950 -0.17548
 0.09411  0.76124 -0.17063
 0.08232  0.76288 -0.16565
 0.07043  0.76441 -0.16054
 0.05844  0.76584 -0.15529
 0.04634  0.76716 -0.14992
 0.03416  0.76837 -0.14441
 0.02188  0.76946 -0.13877
 0.00952  0.77042 -0.13299
-0.00291  0.77127 -0.12708
-0.01542  0.77198 -0.12104
-0.02799  0.77256 -0.11486
-0.04063  0.77301 -0.10855
-0.05331  0.77331 -0.10211
-0.06605  0.77348 -0.09553
-0.07883  0.77350 -0.08883
-0.09164  0.77336 -0.08199
-0.10449  0.77308 -0.07502
-0.11736  0.77264 -0.06792
-0.13024  0.77204 -0.06069
-0.14314  0.77127 -0.05333
-0.15604  0.77034 -0.04585
-0.16895  0.76924 -0.03824
-0.18184  0.76797 -0.03051
-0.19472  0.76652 -0.02266
-0.20758  0.76489 -0.01469
-0.22041  0.76309 -0.00660
-0.23321  0.76110  0.00161
-0.24596  0.75892  0.00993
-0.25867  0.75656  0.01836
-0.27133  0.75401  0.02690
-0.28392  0.75127  0.03555
-0.29645  0.74833  0.04430
-0.30890  0.74520  0.05315
-0.32128  0.74187  0.06210
-0.33357  0.73834  0.07114
-0.34576  0.73461  0.08028
-0.35786  0.73068  0.08950
-0.36985  0.72655  0.09881
-0.38173  0.72222  0.10819
-0.39349  0.71768  0.11766
-0.40513  0.71294  0.12720
-0.41664  0.70800  0.13681
-0.42801  0.70285  0.14648
-0.43924  0.69750  0.15622
-0.45032  0.69194  0.16601
-0.46125  0.68618  0.17586
-0.47201  0.68022  0.18575
-0.48262  0.67405  0.19569
-0.49305  0.66769  0.20567
-0.50331  0.66112  0.21568
-0.51339  0.65436  0.22573
-0.52328  0.64740  0.23579
-0.53299  0.64024  0.24588
-0.54250  0.63289  0.25599
-0.55181  0.62535  0.26610
-0.56092  0.61762  0.27623
-0.56982  0.60970  0.28635
-0.57851  0.60160  0.29647
-0.58698  0.59332  0.30658
-0.59523  0.58486  0.31668
-0.60327  0.57622  0.32676
-0.61107  0.56741  0.33681
-0.61865  0.55844  0.34684
-0.62600  0.54929  0.35683
-0.63311  0.53999  0.36678
-0.63998  0.53053  0.37669
-0.64662  0.52091  0.38655
-0.65301  0.51114  0.39636
-0.65916  0.50123  0.40611
-0.66507  0.49118  0.41580
-0.67072  0.48099  0.42542
-0.67613  0.47067  0.43497
-0.68129  0.46022  0.44444
-0.68620  0.44965  0.45383
-0.69086  0.43896  0.46313
-0.69527  0.42816  0.47234
-0.69942  0.41725  0.48146
-0.70333  0.40624  0.49048
-0.70698  0.39513  0.49940
-0.71037  0.38392  0.50821
-0.71352  0.37264  0.51692
-0.71642  0.36127  0.52550
-0.71906  0.34982  0.53398
-0.72146  0.33830  0.54233
-0.72360  0.32672  0.55055
-0.72550  0.31508  0.55865
-0.72716  0.30339  0.56662
-0.72857  0.29164  0.57445
-0.72974  0.27986  0.58215
-0.73067  0.26803  0.58971
-0.73136  0.25618  0.59712
-0.73181  0.24430  0.60440
-0.73203  0.23239  0.61153
-0.73202  0.22048  0.61850
-0.73179  0.20855  0.62533
-0.73132  0.19661  0.63201
-0.73064  0.18468  0.63853
-0.72974  0.17276  0.64490
-0.72862  0.16084  0.65111
-0.72728  0.14894  0.65717
-0.72574  0.13707  0.66306
-0.72400  0.12522  0.66880
-0.72205  0.11340  0.67438
-0.71990  0.10162  0.67979
-0.71756  0.08987  0.68504
-0.71503  0.07818  0.69014
-0.71231  0.06653  0.69507
-0.70941  0.05494  0.69983
-0.70634  0.04341  0.70444
-0.70308  0.03195  0.70888
-0.69966  0.02055  0.71317
-0.69608  0.00922  0.71729
-0.69233 -0.00203  0.72126
-0.68842 -0.01320  0.72506
-0.68436 -0.02429  0.72871
-0.68016 -0.03530  0.73219
-0.67581 -0.04621  0.73553
-0.67132 -0.05703  0.73871
-0.66670 -0.06775  0.74173
-0.66194 -0.07837  0.74460
-0.65706 -0.08889  0.74733
-0.65206 -0.09930  0.74990
-0.64694 -0.10961  0.75233
-0.64171 -0.11980  0.75461
-0.63637 -0.12988  0.75675
-0.63093 -0.13985  0.75875
-0.62539 -0.14970  0.76061
-0.61975 -0.15943  0.76233
-0.61402 -0.16904  0.76392
-0.60820 -0.17852  0.76538
-0.60231 -0.18788  0.76671
-0.59633 -0.19712  0.76791
-0.59028 -0.20623  0.76899
-0.58415 -0.21521  0.76994
-0.57797 -0.22406  0.77078
-0.57171 -0.23278  0.77150
-0.56540 -0.24137  0.77210
-0.55904 -0.24983  0.77260
-0.55262 -0.25815  0.77299
-0.54616 -0.26635  0.77327
-0.53965 -0.27441  0.77344
-0.53310 -0.28233  0.77352
-0.52652 -0.29013  0.77351
-0.51990 -0.29779  0.77339
-0.51324 -0.30532  0.77319
-0.50657 -0.31272  0.77290
-0.49986 -0.31998  0.77252
-0.49314 -0.32712  0.77206
-0.48639 -0.33412  0.77152
-0.47963 -0.34100  0.77091
-0.47286 -0.34774  0.77022
-0.46608 -0.35436  0.76946
-0.45929 -0.36085  0.76863
-0.45249 -0.36721  0.76773
-0.44569 -0.37345  0.76678
-0.43888 -0.37956  0.76576
-0.43208 -0.38555  0.76469
-0.42528 -0.39143  0.76356
-0.41849 -0.39718  0.76238
-0.41170 -0.40281  0.76115
-0.40493 -0.40833  0.75987
-0.39816 -0.41373  0.75855
-0.39140 -0.41902  0.75719
-0.38466 -0.42420  0.75578
-0.37793 -0.42927  0.75434
-0.37122 -0.43424  0.75287
-0.36453 -0.43909  0.75136
-0.35785 -0.44385  0.74982
-0.35120 -0.44850  0.74826
-0.34456 -0.45306  0.74667
-0.33795 -0.45752  0.74505
-0.33136 -0.46188  0.74341
-0.32479 -0.46615  0.74175
-0.31825 -0.47033  0.74008
-0.31173 -0.47442  0.73838
-0.30524 -0.47843  0.73667
-0.29877 -0.48235  0.73495
-0.29232 -0.48619  0.73321
-0.28591 -0.48995  0.73147
-0.27951 -0.49364  0.72971
-0.27315 -0.49725  0.72795
-0.26681 -0.50079  0.72618
-0.26050 -0.50426  0.72441
-0.25421 -0.50766  0.72263
-0.24795 -0.51100  0.72085
-0.24172 -0.51427  0.71907
-0.23551 -0.51749  0.71728
-0.22933 -0.52064  0.71550
-0.22317 -0.52374  0.71371
-0.21704 -0.52679  0.71193
-0.21093 -0.52978  0.71015
-0.20485 -0.53273  0.70837
-0.19879 -0.53563  0.70659
-0.19275 -0.53848  0.70482
-0.18674 -0.54130  0.70304
-0.18074 -0.54407  0.70128
-0.17477 -0.54680  0.69952
-0.16882 -0.54950  0.69776
-0.16288 -0.55216  0.69600
-0.15697 -0.55479  0.69425
-0.15107 -0.55739  0.69250
-0.14519 -0.55997  0.69076
-0.13933 -0.56251  0.68902
-0.13348 -0.56503  0.68729
-0.12764 -0.56753  0.68555
-0.12182 -0.57001  0.68382
-0.11601 -0.57247  0.68209
-0.11021 -0.57491  0.68037
-0.10442 -0.57734  0.67864
-0.09864 -0.57975  0.67692
-0.09287 -0.58215  0.67520
-0.08710 -0.58454  0.67347
-0.08134 -0.58691  0.67174
-0.07559 -0.58928  0.67001
-0.06984 -0.59165  0.66828
-0.06409 -0.59400  0.66654
-0.05834 -0.59635  0.66480
-0.05260 -0.59870  0.66305
-0.04685 -0.60105  0.66130
-0.04110 -0.60339  0.65953
-0.03535 -0.60574  0.65776
-0.02959 -0.60808  0.65597
-0.02383 -0.61043  0.65417
-0.01807 -0.61278  0.65236
-0.01230 -0.61513  0.65053
-0.00652 -0.61748  0.64869
-0.00073 -0.61984  0.64683
 0.00507 -0.62221  0.64495
 0.01088 -0.62458  0.64305
 0.01670 -0.62695  0.64113
 0.02254 -0.62933  0.63919
 0.02839 -0.63172  0.63722
 0.03425 -0.63411  0.63522
 0.04013 -0.63651  0.63320
 0.04602 -0.63892  0.63114
 0.05193 -0.64134  0.62906
 0.05786 -0.64376  0.62694
 0.06381 -0.64619  0.62479
 0.06978 -0.64862  0.62260
 0.07576 -0.65106  0.62037
 0.08177 -0.65351  0.61810
 0.08780 -0.65596  0.61580
 0.09384 -0.65842  0.61345
 0.09992 -0.66089  0.61105
 0.10601 -0.66336  0.60861
 0.11213 -0.66583  0.60612
 0.11827 -0.66831  0.60358
 0.12443 -0.67078  0.60099
 0.13062 -0.67327  0.59834
 0.13683 -0.67575  0.59565
 0.14307 -0.67823  0.59289
 0.14933 -0.68071  0.59008
 0.15561 -0.68319  0.58720
 0.16192 -0.68567  0.58427
 0.16826 -0.68815  0.58127
 0.17462 -0.69062  0.57821
 0.18101 -0.69308  0.57508
 0.18742 -0.69554  0.57189
 0.19385 -0.69799  0.56862
 0.20031 -0.70042  0.56529
 0.20679 -0.70285  0.56188
 0.21330 -0.70527  0.55840
 0.21983 -0.70767  0.55485
 0.22639 -0.71006  0.55121
 0.23296 -0.71243  0.54750
 0.23956 -0.71478  0.54372
 0.24618 -0.71711  0.53985
 0.25282 -0.71942  0.53590
 0.25948 -0.72171  0.53187
 0.26616 -0.72397  0.52775
 0.27286 -0.72621  0.52355
 0.27957 -0.72841  0.51927
 0.28630 -0.73059  0.51489
 0.29305 -0.73274  0.51043
 0.29982 -0.73485  0.50588
 0.30659 -0.73693  0.50125
 0.31338 -0.73897  0.49652
 0.32018 -0.74097  0.49170
 0.32700 -0.74293  0.48679
 0.33382 -0.74484  0.48179
 0.34065 -0.74671  0.47669
 0.34748 -0.74854  0.47150
 0.35432 -0.75031  0.46622
 0.36117 -0.75204  0.46085
 0.36802 -0.75371  0.45538
 0.37486 -0.75533  0.44981
 0.38171 -0.75690  0.44416
 0.38856 -0.75840  0.43840
 0.39540 -0.75985  0.43256
 0.40223 -0.76123  0.42661
 0.40906 -0.76255  0.42058
 0.41588 -0.76380  0.41445
 0.42269 -0.76499  0.40822
 0.42949 -0.76610  0.40190
 0.43627 -0.76715  0.39549
 0.44303 -0.76812  0.38899
 0.44978 -0.76902  0.38239
 0.45651 -0.76984  0.37570
 0.46321 -0.77059  0.36892
 0.46990 -0.77125  0.36205
 0.47655 -0.77183  0.35509
 0.48318 -0.77233  0.34804
 0.48978 -0.77274  0.34090
 0.49634 -0.77307  0.33368
 0.50287 -0.77331  0.32637
 0.50937 -0.77347  0.31898
 0.51583 -0.77353  0.31150
 0.52225 -0.77349  0.30395
 0.52862 -0.77337  0.29631
 0.53495 -0.77315  0.28859
 0.54124 -0.77284  0.28079
 0.54748 -0.77243  0.27292
 0.55366 -0.77192  0.26498
 0.55980 -0.77131  0.25696
 0.56587 -0.77060  0.24887
 0.57190 -0.76979  0.24071
 0.57786 -0.76888  0.23249
 0.58376 -0.76786  0.22420
 0.58960 -0.76674  0.21584
 0.59538 -0.76552  0.20743
 0.60109 -0.76419  0.19895
 0.60673 -0.76276  0.19042
 0.61230 -0.76122  0.18183
 0.61780 -0.75957  0.17319
 0.62322 -0.75782  0.16450
 0.62857 -0.75596  0.15577
 0.63384 -0.75399  0.14698
 0.63903 -0.75192  0.13816
 0.64414 -0.74973  0.12929
 0.64917 -0.74744  0.12039
 0.65411 -0.74504  0.11145
 0.65897 -0.74254  0.10247
 0.66373 -0.73992  0.09347
 0.66841 -0.73720  0.08444
 0.67300 -0.73437  0.07538
 0.67750 -0.73143  0.06630
 0.68190 -0.72839  0.05720
 0.68621 -0.72524  0.04808
 0.69042 -0.72199  0.03895
 0.69453 -0.71863  0.02980
 0.69855 -0.71516  0.02065
 0.70247 -0.71160  0.01149
 0.70628 -0.70793  0.00233
 0.71000 -0.70416 -0.00683
 0.71361 -0.70028 -0.01600
 0.71712 -0.69631 -0.02515
 0.72052 -0.69224 -0.03430
 0.72383 -0.68807 -0.04344
 0.72702 -0.68381 -0.05257
 0.73011 -0.67945 -0.06168
 0.73309 -0.67499 -0.07077
 0.73597 -0.67045 -0.07984
 0.73874 -0.66581 -0.08889
 0.74140 -0.66108 -0.09791
 0.74396 -0.65627 -0.10690
 0.74640 -0.65136 -0.11586
 0.74874 -0.64637 -0.12479
 0.75097 -0.64130 -0.13368
 0.75310 -0.63615 -0.14253
 0.75511 -0.63091 -0.15133
 0.75702 -0.62560 -0.16010
 0.75882 -0.62021 -0.16882
 0.76051 -0.61475 -0.17748
 0.76209 -0.60921 -0.18610
 0.76357 -0.60360 -0.19466
 0.76495 -0.59792 -0.20317
 0.76621 -0.59217 -0.21162
 0.76738 -0.58636 -0.22001
 0.76844 -0.58049 -0.22834
 0.76939 -0.57455 -0.23660
 0.77024 -0.56855 -0.24480
 0.77100 -0.56250 -0.25293
 0.77165 -0.55639 -0.26099
 0.77220 -0.55023 -0.26898
 0.77265 -0.54401 -0.27689
 0.77300 -0.53775 -0.28473
 0.77326 -0.53144 -0.29250
 0.77343 -0.52508 -0.30018
 0.77349 -0.51868 -0.30779
 0.77347 -0.51224 -0.31531
 0.77336 -0.50576 -0.32275
 0.77315 -0.49924 -0.33011
 0.77286 -0.49269 -0.33739
 0.77248 -0.48611 -0.34457
 0.77201 -0.47949 -0.35167
 0.77146 -0.47285 -0.35869
 0.77083 -0.46618 -0.36561
 0.77012 -0.45948 -0.37244
 0.76932 -0.45276 -0.37919
 0.76845 -0.44602 -0.38584
 0.76751 -0.43926 -0.39240
 0.76649 -0.43249 -0.39887
 0.76540 -0.42570 -0.40524
 0.76424 -0.41889 -0.41152
 0.76301 -0.41208 -0.41771
 0.76171 -0.40525 -0.42380
 0.76035 -0.39842 -0.42980
 0.75893 -0.39158 -0.43570
 0.75745 -0.38473 -0.44151
 0.75590 -0.37788 -0.44723
 0.75430 -0.37103 -0.45285
 0.75264 -0.36418 -0.45837
 0.75093 -0.35733 -0.46381
 0.74917 -0.35049 -0.46914
 0.74736 -0.34365 -0.47439
 0.74550 -0.33681 -0.47954
 0.74360 -0.32999 -0.48460
 0.74165 -0.32317 -0.48956
 0.73966 -0.31636 -0.49444
 0.73763 -0.30956 -0.49922
 0.73556 -0.30278 -0.50391
 0.73346 -0.29600 -0.50852
 0.73132 -0.28925 -0.51303
 0.72915 -0.28250 -0.51746
 0.72694 -0.27578 -0.52180
 0.72471 -0.26907 -0.52605
 0.72245 -0.26238 -0.53022
 0.72017 -0.25571 -0.53430
 0.71786 -0.24905 -0.53830
 0.71553 -0.24242 -0.54222
 0.71318 -0.23581 -0.54605
 0.71081 -0.22922 -0.54981
 0.70842 -0.22266 -0.55349
 0.70601 -0.21611 -0.55709
 0.70359 -0.20959 -0.56062
 0.70116 -0.20309 -0.56407
 0.69872 -0.19662 -0.56745
 0.69626 -0.19017 -0.57076
 0.69380 -0.18375 -0.57400
 0.69133 -0.17735 -0.57717
 0.68886 -0.17097 -0.58027
 0.68637 -0.16462 -0.58331
 0.68389 -0.15830 -0.58628
 0.68140 -0.15200 -0.58919
 0.67891 -0.14572 -0.59205
 0.67642 -0.13947 -0.59484
 0.67392 -0.13324 -0.59757
 0.67143 -0.12704 -0.60025
 0.66894 -0.12086 -0.60287
 0.66646 -0.11471 -0.60545
 0.66397 -0.10858 -0.60797
 0.66149 -0.10247 -0.61044
 0.65902 -0.09639 -0.61286
 0.65655 -0.09033 -0.61524
 0.65408 -0.08429 -0.61758
 0.65163 -0.07827 -0.61987
 0.64917 -0.07227 -0.62212
 0.64673 -0.06629 -0.62433
 0.64429 -0.06033 -0.62651
 0.64185 -0.05439 -0.62865
 0.63943 -0.04847 -0.63075
 0.63701 -0.04257 -0.63283
 0.63460 -0.03668 -0.63487
 0.63220 -0.03081 -0.63688
 0.62980 -0.02495 -0.63887
 0.62741 -0.01911 -0.64083
 0.62502 -0.01328 -0.64277
 0.62265 -0.00746 -0.64468
 0.62027 -0.00165 -0.64657
 0.61791  0.00414 -0.64844
 0.61554  0.00993 -0.65029
 0.61319  0.01571 -0.65213
 0.61083  0.02148 -0.65395
 0.60848  0.02724 -0.65575
 0.60613  0.03300 -0.65755
 0.60378  0.03875 -0.65933
 0.60144  0.04451 -0.66110
 0.59909  0.05025 -0.66286
 0.59674  0.05600 -0.66461
 0.59438  0.06175 -0.66635
 0.59203  0.06750 -0.66809
 0.58967  0.07325 -0.66982
 0.58730  0.07900 -0.67155
 0.58492  0.08476 -0.67328
 0.58254  0.09052 -0.67500
 0.58015  0.09629 -0.67672
 0.57774  0.10207 -0.67845
 0.57532  0.10785 -0.68017
 0.57289  0.11365 -0.68189
 0.57044  0.11945 -0.68361
 0.56797  0.12527 -0.68534
 0.56549  0.13110 -0.68706
 0.56298  0.13694 -0.68879
 0.56045  0.14280 -0.69053
 0.55789  0.14867 -0.69226
 0.55531  0.15456 -0.69400
 0.55269  0.16047 -0.69574
 0.55005  0.16639 -0.69749
 0.54738  0.17233 -0.69924
 0.54466  0.17830 -0.70100
 0.54192  0.18428 -0.70275
 0.53913  0.19028 -0.70452
 0.53630  0.19631 -0.70628
 0.53343  0.20236 -0.70805
 0.53052  0.20843 -0.70982
 0.52756  0.21453 -0.71159
 0.52454  0.22064 -0.71337
 0.52148  0.22679 -0.71514
 0.51836  0.23296 -0.71692
 0.51518  0.23915 -0.71869
 0.51195  0.24537 -0.72047
 0.50866  0.25162 -0.72224
 0.50530  0.25789 -0.72401
 0.50187  0.26419 -0.72578
 0.49838  0.27051 -0.72754
 0.49482  0.27686 -0.72929
 0.49118  0.28324 -0.73104
 0.48747  0.28964 -0.73278
 0.48368  0.29607 -0.73451
 0.47981  0.30253 -0.73623
 0.47586  0.30901 -0.73793
 0.47183  0.31551 -0.73962
 0.46771  0.32204 -0.74130
 0.46350  0.32860 -0.74296
 0.45920  0.33518 -0.74459
 0.45481  0.34178 -0.74621
 0.45032  0.34840 -0.74780
 0.44573  0.35504 -0.74937
 0.44104  0.36170 -0.75091
 0.43626  0.36839 -0.75242
 0.43137  0.37509 -0.75389
 0.42637  0.38180 -0.75534
 0.42126  0.38854 -0.75675
 0.41605  0.39528 -0.75812
 0.41072  0.40204 -0.75945
 0.40528  0.40881 -0.76073
 0.39973  0.41559 -0.76197
 0.39406  0.42238 -0.76317
 0.38827  0.42917 -0.76431
 0.38236  0.43597 -0.76539
 0.37634  0.44277 -0.76643
 0.37018  0.44957 -0.76740
 0.36391  0.45637 -0.76831
 0.35751  0.46316 -0.76916
 0.35098  0.46994 -0.76994
 0.34433  0.47672 -0.77065
 0.33754  0.48348 -0.77129
 0.33063  0.49023 -0.77186
 0.32359  0.49696 -0.77234
 0.31642  0.50368 -0.77275
 0.30912  0.51036 -0.77307
 0.30168  0.51702 -0.77330
 0.29412  0.52366 -0.77345
 0.28642  0.53026 -0.77350
 0.27859  0.53682 -0.77345
 0.27062  0.54335 -0.77331
 0.26253  0.54983 -0.77307
 0.25430  0.55626 -0.77272
 0.24594  0.56265 -0.77227
 0.23745  0.56899 -0.77171
 0.22882  0.57526 -0.77103
 0.22007  0.58148 -0.77024
 0.21119  0.58763 -0.76933
 0.20218  0.59371 -0.76830
 0.19304  0.59972 -0.76715
 0.18378  0.60566 -0.76588
 0.17439  0.61151 -0.76447
 0.16488  0.61728 -0.76294
 0.15525  0.62295 -0.76127
 0.14550  0.62854 -0.75947
 0.13563  0.63403 -0.75752
 0.12564  0.63942 -0.75544
 0.11554  0.64470 -0.75322
 0.10533  0.64986 -0.75086
 0.09501  0.65492 -0.74835
 0.08458  0.65985 -0.74569
 0.07405  0.66467 -0.74288
 0.06342  0.66935 -0.73992
 0.05269  0.67390 -0.73681
 0.04186  0.67831 -0.73355
 0.03095  0.68259 -0.73013
 0.01994  0.68671 -0.72656
 0.00885  0.69069 -0.72282
-0.00232  0.69451 -0.71893
-0.01357  0.69817 -0.71488
-0.02489  0.70167 -0.71067
-0.03628  0.70500 -0.70630
-0.04773  0.70816 -0.70177
-0.05925  0.71114 -0.69708
-0.07082  0.71395 -0.69223
-0.08245  0.71656 -0.68721
-0.09412  0.71899 -0.68204
-0.10584  0.72123 -0.67670
-0.11760  0.72327 -0.67121
-0.12939  0.72511 -0.66555
-0.14121  0.72675 -0.65973
-0.15305  0.72818 -0.65376
-0.16491  0.72940 -0.64762
-0.17678  0.73041 -0.64133
-0.18867  0.73120 -0.63489
-0.20056  0.73177 -0.62829
-0.21244  0.73211 -0.62154
-0.22432  0.73223 -0.61464
-0.23618  0.73212 -0.60759
-0.24803  0.73178 -0.60040
-0.25985  0.73120 -0.59306
-0.27165  0.73039 -0.58558
-0.28341  0.72934 -0.57795
-0.29513  0.72804 -0.57020
-0.30680  0.72651 -0.56230
-0.31842  0.72473 -0.55428
-0.32999  0.72270 -0.54613
-0.34149  0.72043 -0.53785
-0.35293  0.71791 -0.52945
-0.36429  0.71513 -0.52093
-0.37558  0.71211 -0.51230
-0.38678  0.70884 -0.50356
-0.39789  0.70531 -0.49470
-0.40891  0.70154 -0.48575
-0.41983  0.69751 -0.47669
-0.43064  0.69323 -0.46754
-0.44135  0.68870 -0.45830
-0.45194  0.68391 -0.44897
-0.46241  0.67888 -0.43956
-0.47275  0.67360 -0.43007
-0.48297  0.66807 -0.42050
-0.49305  0.66229 -0.41087
-0.50300  0.65626 -0.40117
-0.51280  0.65000 -0.39141
-0.52245  0.64349 -0.38160
-0.53196  0.63674 -0.37173
-0.54130  0.62975 -0.36183
-0.55049  0.62253 -0.35188
-0.55952  0.61507 -0.34189
-0.56838  0.60739 -0.33187
-0.57707  0.59948 -0.32183
-0.58559  0.59134 -0.31177
-0.59394  0.58299 -0.30169
-0.60210  0.57441 -0.29160
-0.61008  0.56563 -0.28150
-0.61788  0.55664 -0.27140
-0.62549  0.54744 -0.26131
-0.63291  0.53804 -0.25123
-0.64015  0.52844 -0.24116
-0.64718  0.51866 -0.23110
-0.65403  0.50868 -0.22107
-0.66067  0.49853 -0.21107
-0.66712  0.48820 -0.20111
-0.67337  0.47769 -0.19117
-0.67942  0.46702 -0.18129
-0.68527  0.45619 -0.17144
-0.69092  0.44520 -0.16165
-0.69636  0.43406 -0.15191
-0.70161  0.42278 -0.14223
-0.70665  0.41136 -0.13262
-0.71149  0.39980 -0.12307
-0.71612  0.38812 -0.11360
-0.72056  0.37632 -0.10419
-0.72479  0.36440 -0.09487
-0.72882  0.35238 -0.08563
-0.73265  0.34025 -0.07648
-0.73629  0.32803 -0.06741
-0.73972  0.31572 -0.05844
-0.74296  0.30332 -0.04957
-0.74601  0.29085 -0.04079
-0.74886  0.27831 -0.03211
-0.75152  0.26571 -0.02354
-0.75400  0.25305 -0.01508
-0.75628  0.24034 -0.00672
-0.75839  0.22758  0.00152
-0.76030  0.21479  0.00965
-0.76204  0.20197  0.01766
-0.76360  0.18912  0.02555
-0.76499  0.17625  0.03333
-0.76621  0.16338  0.04098
-0.76725  0.15050  0.04851
-0.76813  0.13762  0.05591
-0.76885  0.12475  0.06319
-0.76941  0.11189  0.07034
-0.76981  0.09905  0.07736
-0.77006  0.08625  0.08426
-0.77016  0.07347  0.09102
-0.77011  0.06073  0.09765
-0.76992  0.04804  0.10415
-0.76958  0.03540  0.11052
-0.76912  0.02282  0.11675
-0.76852  0.01030  0.12286
-0.76779 -0.00216  0.12883
-0.76694 -0.01453  0.13467
-0.76596 -0.02683  0.14037
-0.76487 -0.03905  0.14595
-0.76367 -0.05117  0.15139
-0.76235 -0.06320  0.15670
-0.76093 -0.07513  0.16188
-0.75940 -0.08695  0.16693
-0.75778 -0.09866  0.17184
-0.75606 -0.11026  0.17663
-0.75424 -0.12174  0.18129
-0.75234 -0.13309  0.18583
-0.75035 -0.14431  0.19023
-0.74828 -0.15541  0.19451
-0.74614 -0.16636  0.19867
-0.74391 -0.17717  0.20270
-0.74162 -0.18784  0.20661
-0.73926 -0.19836  0.21040
-0.73683 -0.20873  0.21406
-0.73434 -0.21894  0.21761
-0.73179 -0.22899  0.22104
-0.72918 -0.23888  0.22436
-0.72652 -0.24860  0.22756
-0.72381 -0.25816  0.23065
-0.72106 -0.26754  0.23362
-0.71825 -0.27675  0.23648
-0.71541 -0.28578  0.23924
-0.71252 -0.29464  0.24189
-0.70960 -0.30331  0.24443
-0.70664 -0.31179  0.24686
-0.70364 -0.32009  0.24920
-0.70062 -0.32821  0.25143
-0.69756 -0.33613  0.25356
-0.69448 -0.34386  0.25559
-0.69137 -0.35140  0.25753
-0.68824 -0.35874  0.25937
-0.68508 -0.36589  0.26111
-0.68191 -0.37284  0.26276
-0.67871 -0.37959  0.26432
-0.67549 -0.38614  0.26579
-0.67226 -0.39250  0.26717
-0.66900 -0.39865  0.26847
-0.66574 -0.40459  0.26967
-0.66245 -0.41034  0.27079
-0.65916 -0.41589  0.27183
-0.65584 -0.42123  0.27279
-0.65252 -0.42636  0.27366
-0.64918 -0.43130  0.27446
-0.64583 -0.43603  0.27517
-0.64247 -0.44056  0.27581
-0.63909 -0.44488  0.27637
-0.63570 -0.44900  0.27686
-0.63230 -0.45292  0.27727
-0.62889 -0.45664  0.27761
-0.62547 -0.46016  0.27788
-0.62203 -0.46347  0.27807
-0.61858 -0.46659  0.27820
-0.61511 -0.46950  0.27825
-0.61163 -0.47222  0.27824
-0.60814 -0.47474  0.27816
-0.60462 -0.47707  0.27801
-0.60110 -0.47919  0.27780
-0.59755 -0.48113  0.27752
-0.59399 -0.48287  0.27717
-0.59041 -0.48442  0.27677
-0.58681 -0.48578  0.27630
-0.58319 -0.48695  0.27576
-0.57955 -0.48793  0.27517
-0.57588 -0.48873  0.27451
-0.57219 -0.48935  0.27379
-0.56848 -0.48978  0.27302
-0.56473 -0.49003  0.27218
-0.56097 -0.49010  0.27128
-0.55717 -0.49000  0.27033
-0.55334 -0.48972  0.26932
-0.54948 -0.48926  0.26825
-0.54559 -0.48864  0.26713
-0.54167 -0.48785  0.26594
-0.53771 -0.48688  0.26471
-0.53372 -0.48576  0.26341
-0.52968 -0.48447  0.26207
-0.52561 -0.48302  0.26066
-0.52150 -0.48141  0.25921
-0.51735 -0.47964  0.25770
-0.51316 -0.47772  0.25614
-0.50892 -0.47564  0.25452
-0.50464 -0.47341  0.25285
-0.50031 -0.47104  0.25113
-0.49593 -0.46852  0.24936
-0.49151 -0.46586  0.24754
-0.48704 -0.46305  0.24567
-0.48252 -0.46011  0.24375
-0.47794 -0.45702  0.24177
-0.47331 -0.45381  0.23975
-0.46864 -0.45046  0.23768
-0.46390 -0.44698  0.23556
-0.45911 -0.44337  0.23340
-0.45427 -0.43963  0.23118
-0.44937 -0.43577  0.22892
-0.44441 -0.43179  0.22661
-0.43939 -0.42769  0.22426
-0.43432 -0.42348  0.22186
-0.42918 -0.41915  0.21941
-0.42399 -0.41470  0.21692
-0.41873 -0.41015  0.21438
-0.41342 -0.40548  0.21181
-0.40804 -0.40071  0.20918
-0.40261 -0.39584  0.20652
-0.39711 -0.39086  0.20381
-0.39155 -0.38579  0.20106
-0.38593 -0.38062  0.19827
-0.38024 -0.37535  0.19544
-0.37450 -0.36998  0.19256
-0.36869 -0.36453  0.18965
-0.36282 -0.35898  0.18670
-0.35689 -0.35335  0.18371
-0.35090 -0.34763  0.18068
-0.34485 -0.34183  0.17762
-0.33874 -0.33595  0.17451
-0.33257 -0.32999  0.17137
-0.32633 -0.32395  0.16820
-0.32004 -0.31783  0.16499
-0.31369 -0.31164  0.16175
-0.30728 -0.30537  0.15847
-0.30082 -0.29904  0.15516
-0.29430 -0.29264  0.15182
-0.28772 -0.28617  0.14844
-0.28108 -0.27964  0.14504
-0.27440 -0.27304  0.14160
-0.26765 -0.26638  0.13813
-0.26086 -0.25966  0.13464
-0.25402 -0.25289  0.13111
-0.24712 -0.24605  0.12756
-0.24018 -0.23917  0.12399
-0.23318 -0.23223  0.12038
-0.22614 -0.22524  0.11675
-0.21906 -0.21820  0.11310
-0.21193 -0.21111  0.10942
-0.20475 -0.20398  0.10572
-0.19754 -0.19680  0.10200
-0.19028 -0.18958  0.09825
-0.18299 -0.18232  0.09449
-0.17565 -0.17502  0.09070
-0.16828 -0.16768  0.08690
-0.16088 -0.16030  0.08308
-0.15344 -0.15289  0.07924
-0.14597 -0.14545  0.07538
-0.13847 -0.13798  0.07151
-0.13094 -0.13048  0.06762
-0.12338 -0.12295  0.06371
-0.11580 -0.11539  0.05980
-0.10819 -0.10781  0.05587
-0.10056 -0.10020  0.05193
-0.09290 -0.09258  0.04798
-0.08523 -0.08493  0.04401
-0.07754 -0.07727  0.04004
-0.06983 -0.06959  0.03606
-0.06211 -0.06189  0.03208
-0.05438 -0.05419  0.02808
-0.04663 -0.04647  0.02408
-0.03887 -0.03874  0.02008
-0.03111 -0.03100  0.01607
-0.02334 -0.02326  0.01205
-0.01556 -0.01551  0.00804
-0.00778 -0.00775  0.00402
-0.00389 -0.00388  0.00201
 0.00000  0.00000  0.00000
