     101
 0.00000  0.00000  0.00000
-0.92071  0.39684  0.06317
-0.92061  0.39701  0.06368
-0.92039  0.39734  0.06469
-0.92007  0.39784  0.06623
-0.91963  0.39851  0.06829
-0.91906  0.39935  0.07090
-0.91836  0.40038  0.07408
-0.91752  0.40160  0.07785
-0.91651  0.40302  0.08225
-0.91532  0.40466  0.08733
-0.91393  0.40651  0.09311
-0.91230  0.40861  0.09967
-0.91040  0.41096  0.10707
-0.90819  0.41359  0.11539
-0.90562  0.41652  0.12470
-0.90261  0.41977  0.13514
-0.89910  0.42338  0.14681
-0.89497  0.42738  0.15987
-0.89010  0.43181  0.17449
-0.88433  0.43670  0.19088
-0.87746  0.44210  0.20929
-0.86921  0.44805  0.23001
-0.85925  0.45460  0.25339
-0.84713  0.46179  0.27983
-0.83225  0.46964  0.30982
-0.81382  0.47815  0.34389
-0.79079  0.48723  0.38267
-0.76177  0.49674  0.42677
-0.72491  0.50633  0.47678
-0.67781  0.51538  0.53305
-0.61750  0.52285  0.59540
-0.54062  0.52711  0.66263
-0.44400  0.52582  0.73183
-0.32590  0.51612  0.79787
-0.18785  0.49531  0.85356
-0.03605  0.46207  0.89128
 0.11917  0.41760  0.90587
 0.26646  0.36560  0.89695
 0.39729  0.31090  0.86872
 0.50777  0.25774  0.82760
 0.59803  0.20884  0.77970
 0.67046  0.16541  0.72959
 0.72823  0.12764  0.68013
 0.77437  0.09515  0.63284
 0.81145  0.06733  0.58839
 0.84152  0.04353  0.54694
 0.86616  0.02313  0.50835
 0.88656  0.00560  0.47241
 0.90363 -0.00950  0.43880
 0.91806 -0.02256  0.40724
 0.93036 -0.03389  0.37745
 0.94094 -0.04372  0.34916
 0.95009 -0.05228  0.32215
 0.95806 -0.05972  0.29621
 0.96503 -0.06620  0.27115
 0.97114 -0.07182  0.24681
 0.97650 -0.07668  0.22305
 0.98120 -0.08086  0.19973
 0.98530 -0.08442  0.17673
 0.98886 -0.08743  0.15396
 0.99190 -0.08991  0.13130
 0.99445 -0.09192  0.10867
 0.99652 -0.09347  0.08598
 0.99812 -0.09460  0.06315
 0.99925 -0.09532  0.04010
 0.99988 -0.09564  0.01677
 1.00000 -0.09559 -0.00692
 0.99958 -0.09516 -0.03104
 0.99859 -0.09435 -0.05565
 0.99698 -0.09318 -0.08080
 0.99470 -0.09163 -0.10656
 0.99169 -0.08971 -0.13299
 0.98788 -0.08740 -0.16013
 0.98319 -0.08470 -0.18803
 0.97752 -0.08161 -0.21673
 0.97079 -0.07810 -0.24627
 0.96288 -0.07417 -0.27666
 0.95368 -0.06981 -0.30792
 0.94304 -0.06500 -0.34004
 0.93085 -0.05974 -0.37301
 0.91695 -0.05402 -0.40679
 0.90119 -0.04782 -0.44130
 0.88344 -0.04116 -0.47647
 0.86354 -0.03402 -0.51217
 0.84137 -0.02643 -0.54826
 0.81679 -0.01839 -0.58455
 0.78973 -0.00993 -0.62081
 0.76012 -0.00109 -0.65681
 0.72793  0.00809 -0.69227
 0.69318  0.01755 -0.72689
 0.65596  0.02722 -0.76037
 0.61640  0.03705 -0.79238
 0.57467  0.04693 -0.82264
 0.53102  0.05680 -0.85087
 0.48574  0.06656 -0.87682
 0.43915  0.07613 -0.90030
 0.39161  0.08542 -0.92116
 0.34346  0.09437 -0.93932
 0.29507  0.10292 -0.95474
 0.00000  0.00000  0.00000
