     101
 0.00000  0.00000  0.00000
 0.19134  0.95855  0.23028
 0.19157  0.95839  0.23076
 0.19203  0.95806  0.23173
 0.19272  0.95757  0.23318
 0.19365  0.95690  0.23515
 0.19483  0.95605  0.23762
 0.19626  0.95500  0.24064
 0.19797  0.95374  0.24422
 0.19996  0.95225  0.24840
 0.20225  0.95049  0.25320
 0.20487  0.94846  0.25868
 0.20785  0.94610  0.26488
 0.21121  0.94337  0.27186
 0.21498  0.94022  0.27969
 0.21922  0.93659  0.28845
 0.22397  0.93239  0.29824
 0.22929  0.92753  0.30916
 0.23525  0.92188  0.32134
 0.24192  0.91528  0.33494
 0.24941  0.90756  0.35013
 0.25781  0.89845  0.36712
 0.26726  0.88765  0.38614
 0.27791  0.87475  0.40748
 0.28992  0.85922  0.43145
 0.30348  0.84037  0.45840
 0.31880  0.81730  0.48871
 0.33609  0.78881  0.52277
 0.35551  0.75332  0.56088
 0.37714  0.70879  0.60319
 0.40088  0.65263  0.64948
 0.42623  0.58176  0.69881
 0.45207  0.49290  0.74909
 0.47642  0.38333  0.79658
 0.49634  0.25237  0.83571
 0.50835  0.10312  0.85989
 0.50957 -0.05653  0.86348
 0.49905 -0.21528  0.84443
 0.47835 -0.36205  0.80533
 0.45079 -0.48946  0.75211
 0.41998 -0.59496  0.69145
 0.38881 -0.67965  0.62877
 0.35910 -0.74653  0.56763
 0.33180 -0.79898  0.50991
 0.30723 -0.84012  0.45636
 0.28538 -0.87252  0.40709
 0.26605 -0.89819  0.36184
 0.24899 -0.91866  0.32021
 0.23393 -0.93507  0.28175
 0.22062 -0.94828  0.24605
 0.20883 -0.95896  0.21269
 0.19837 -0.96759  0.18133
 0.18905 -0.97453  0.15166
 0.18074 -0.98008  0.12340
 0.17330 -0.98445  0.09631
 0.16664 -0.98781  0.07020
 0.16067 -0.99027  0.04489
 0.15529 -0.99193  0.02021
 0.15046 -0.99288 -0.00398
 0.14611 -0.99315 -0.02780
 0.14219 -0.99278 -0.05136
 0.13866 -0.99179 -0.07476
 0.13548 -0.99019 -0.09809
 0.13263 -0.98799 -0.12145
 0.13007 -0.98516 -0.14490
 0.12778 -0.98170 -0.16852
 0.12573 -0.97757 -0.19238
 0.12390 -0.97274 -0.21653
 0.12229 -0.96716 -0.24105
 0.12086 -0.96079 -0.26597
 0.11961 -0.95356 -0.29134
 0.11851 -0.94540 -0.31722
 0.11756 -0.93625 -0.34363
 0.11674 -0.92601 -0.37060
 0.11603 -0.91458 -0.39816
 0.11542 -0.90188 -0.42631
 0.11490 -0.88779 -0.45506
 0.11444 -0.87220 -0.48439
 0.11404 -0.85498 -0.51426
 0.11367 -0.83601 -0.54464
 0.11332 -0.81516 -0.57544
 0.11296 -0.79231 -0.60659
 0.11256 -0.76734 -0.63794
 0.11212 -0.74016 -0.66937
 0.11159 -0.71066 -0.70069
 0.11097 -0.67879 -0.73171
 0.11021 -0.64451 -0.76218
 0.10929 -0.60782 -0.79187
 0.10820 -0.56879 -0.82051
 0.10691 -0.52749 -0.84781
 0.10539 -0.48408 -0.87351
 0.10364 -0.43877 -0.89733
 0.10163 -0.39179 -0.91904
 0.09938 -0.34345 -0.93842
 0.09687 -0.29406 -0.95530
 0.09411 -0.24399 -0.96957
 0.09112 -0.19358 -0.98116
 0.08790 -0.14320 -0.99006
 0.08446 -0.09318 -0.99631
 0.08084 -0.04385 -1.00000
 0.00000  0.00000  0.00000
