      88
-0.00000 -0.00000 -0.00000
-0.74000 -0.08026 -0.69697
-0.74190 -0.10662 -0.69139
-0.74311 -0.13131 -0.68582
-0.74372 -0.15450 -0.68030
-0.74382 -0.17633 -0.67487
-0.74347 -0.19693 -0.66953
-0.74273 -0.21642 -0.66432
-0.74164 -0.23491 -0.65924
-0.74024 -0.25251 -0.65429
-0.73854 -0.26930 -0.64949
-0.73659 -0.28536 -0.64483
-0.73439 -0.30078 -0.64032
-0.73195 -0.31563 -0.63595
-0.72929 -0.32996 -0.63172
-0.72641 -0.34384 -0.62762
-0.72330 -0.35734 -0.62366
-0.71997 -0.37049 -0.61983
-0.71641 -0.38337 -0.61612
-0.71260 -0.39601 -0.61252
-0.70854 -0.40847 -0.60905
-0.70420 -0.42079 -0.60568
-0.69957 -0.43302 -0.60241
-0.69462 -0.44523 -0.59924
-0.68931 -0.45744 -0.59616
-0.68361 -0.46972 -0.59317
-0.67747 -0.48213 -0.59025
-0.67084 -0.49471 -0.58740
-0.66365 -0.50755 -0.58461
-0.65582 -0.52070 -0.58188
-0.64726 -0.53425 -0.57918
-0.63785 -0.54828 -0.57650
-0.62745 -0.56290 -0.57382
-0.61589 -0.57821 -0.57111
-0.60295 -0.59434 -0.56834
-0.58838 -0.61144 -0.56547
-0.57182 -0.62968 -0.56243
-0.55285 -0.64926 -0.55913
-0.53091 -0.67039 -0.55545
-0.50527 -0.69331 -0.55121
-0.47496 -0.71829 -0.54616
-0.43870 -0.74556 -0.53990
-0.39478 -0.77529 -0.53186
-0.34088 -0.80746 -0.52116
-0.27396 -0.84158 -0.50645
-0.19016 -0.87623 -0.48567
-0.08503 -0.90820 -0.45579
 0.04532 -0.93134 -0.41275
 0.20134 -0.93556 -0.35214
 0.37555 -0.90831 -0.27155
 0.54982 -0.84091 -0.17427
 0.70122 -0.73696 -0.07070
 0.81463 -0.61278  0.02639
 0.88910 -0.48735  0.10860
 0.93289 -0.37323  0.17383
 0.95598 -0.27520  0.22399
 0.96628 -0.19327  0.26221
 0.96909 -0.12543  0.29145
 0.96767 -0.06924  0.31405
 0.96397 -0.02246  0.33175
 0.95914  0.01677  0.34581
 0.95382  0.04994  0.35712
 0.94841  0.07822  0.36633
 0.94312  0.10250  0.37393
 0.93807  0.12349  0.38025
 0.93331  0.14176  0.38556
 0.92886  0.15773  0.39005
 0.92475  0.17178  0.39389
 0.92095  0.18416  0.39717
 0.91746  0.19513  0.40001
 0.91426  0.20485  0.40246
 0.91133  0.21350  0.40460
 0.90867  0.22119  0.40645
 0.90625  0.22803  0.40807
 0.90406  0.23411  0.40949
 0.90208  0.23950  0.41072
 0.90031  0.24427  0.41180
 0.89873  0.24847  0.41273
 0.89734  0.25214  0.41354
 0.89612  0.25533  0.41423
 0.89507  0.25805  0.41482
 0.89418  0.26034  0.41531
 0.89344  0.26222  0.41571
 0.89286  0.26370  0.41602
 0.89243  0.26480  0.41625
 0.89214  0.26553  0.41640
 0.89199  0.26589  0.41648
-0.00000 -0.00000 -0.00000
