      90
-0.00000 -0.00000 -0.00000
-1.00000  0.52002 -0.54115
-1.00000  0.57479 -0.62079
-1.00000  0.62754 -0.69839
-1.00000  0.67809 -0.77374
-1.00000  0.72624 -0.84662
-1.00000  0.77183 -0.91686
-1.00000  0.81470 -0.98425
-1.00000  0.85469 -1.00000
-1.00000  0.89170 -1.00000
-1.00000  0.92569 -1.00000
-1.00000  0.95658 -1.00000
-1.00000  0.98432 -1.00000
-1.00000  1.00000 -1.00000
-1.00000  1.00000 -1.00000
-1.00000  1.00000 -1.00000
-1.00000  1.00000 -1.00000
-1.00000  1.00000 -1.00000
-1.00000  1.00000 -1.00000
-1.00000  1.00000 -1.00000
-1.00000  1.00000 -1.00000
-1.00000  1.00000 -1.00000
-1.00000  1.00000 -1.00000
-1.00000  1.00000 -1.00000
-1.00000  1.00000 -1.00000
-1.00000  1.00000 -1.00000
-1.00000  1.00000 -1.00000
-1.00000  1.00000 -1.00000
-1.00000  0.99042 -1.00000
-1.00000  0.96343 -1.00000
-1.00000  0.93328 -1.00000
-1.00000  0.90003 -1.00000
-1.00000  0.86372 -1.00000
-1.00000  0.82443 -1.00000
-1.00000  0.78222 -1.00000
-1.00000  0.73717 -1.00000
-1.00000  0.68936 -1.00000
-1.00000  0.63886 -1.00000
-1.00000  0.58576 -1.00000
-0.98988  0.53016 -1.00000
-0.84149  0.47216 -1.00000
-0.68921  0.41190 -1.00000
-0.53355  0.34952 -1.00000
-0.37505  0.28517 -1.00000
-0.21426  0.21902 -1.00000
-0.05174  0.15121 -1.00000
 0.11194  0.08191 -1.00000
 0.27622  0.01128 -1.00000
 0.44051 -0.06050 -1.00000
 0.60425 -0.13328 -0.96527
 0.76684 -0.20683 -0.90781
 0.92764 -0.28092 -0.84914
 1.00000 -0.35530 -0.78948
 1.00000 -0.42974 -0.72905
 1.00000 -0.50406 -0.66806
 1.00000 -0.57804 -0.60672
 1.00000 -0.65148 -0.54524
 1.00000 -0.72418 -0.48382
 1.00000 -0.79594 -0.42267
 1.00000 -0.86656 -0.36200
 1.00000 -0.93584 -0.30201
 1.00000 -1.00000 -0.24290
 1.00000 -1.00000 -0.18486
 1.00000 -1.00000 -0.12800
 1.00000 -1.00000 -0.07241
 1.00000 -1.00000 -0.01819
 1.00000 -1.00000  0.03455
 1.00000 -1.00000  0.08572
 1.00000 -1.00000  0.13524
 1.00000 -1.00000  0.18301
 1.00000 -1.00000  0.22894
 1.00000 -1.00000  0.27296
 1.00000 -1.00000  0.31499
 1.00000 -1.00000  0.35496
 1.00000 -1.00000  0.39278
 1.00000 -1.00000  0.42839
 1.00000 -1.00000  0.46174
 1.00000 -1.00000  0.49275
 1.00000 -1.00000  0.52138
 1.00000 -1.00000  0.54757
 1.00000 -1.00000  0.57128
 1.00000 -1.00000  0.59246
 1.00000 -1.00000  0.61108
 1.00000 -1.00000  0.62709
 1.00000 -1.00000  0.64049
 1.00000 -1.00000  0.65123
 1.00000 -1.00000  0.65931
 1.00000 -1.00000  0.66470
 1.00000 -1.00000  0.66740
-0.00000 -0.00000 -0.00000
