      86
-0.00000 -0.00000 -0.00000
-0.87029  0.74909  1.00000
-0.93608  0.79544  1.00000
-0.99909  0.83896  1.00000
-1.00000  0.87951  1.00000
-1.00000  0.91703  1.00000
-1.00000  0.95144  1.00000
-1.00000  0.98269  1.00000
-1.00000  1.00000  1.00000
-1.00000  1.00000  1.00000
-1.00000  1.00000  1.00000
-1.00000  1.00000  1.00000
-1.00000  1.00000  1.00000
-1.00000  1.00000  1.00000
-1.00000  1.00000  1.00000
-1.00000  1.00000  1.00000
-1.00000  1.00000  1.00000
-1.00000  1.00000  1.00000
-1.00000  1.00000  1.00000
-1.00000  1.00000  1.00000
-1.00000  1.00000  1.00000
-1.00000  1.00000  1.00000
-1.00000  1.00000  1.00000
-1.00000  1.00000  1.00000
-1.00000  1.00000  1.00000
-1.00000  0.99128  1.00000
-1.00000  0.96097  1.00000
-1.00000  0.92748  1.00000
-1.00000  0.89087  1.00000
-1.00000  0.85121  1.00000
-1.00000  0.80855  1.00000
-1.00000  0.76297  1.00000
-1.00000  0.71455  1.00000
-1.00000  0.66336  1.00000
-1.00000  0.60951  0.96701
-1.00000  0.55308  0.86657
-1.00000  0.49420  0.76313
-1.00000  0.43303  0.65696
-1.00000  0.36969  0.54838
-1.00000  0.30433  0.43766
-1.00000  0.23710  0.32513
-1.00000  0.16817  0.21110
-1.00000  0.09767  0.09588
-1.00000  0.02579 -0.02020
-0.97535 -0.04733 -0.13682
-0.92031 -0.12149 -0.25364
-0.86394 -0.19645 -0.37029
-0.80647 -0.27198 -0.48641
-0.74811 -0.34784 -0.60165
-0.68907 -0.42379 -0.71565
-0.62957 -0.49959 -0.82803
-0.56984 -0.57500 -0.93846
-0.51009 -0.64979 -1.00000
-0.45052 -0.72373 -1.00000
-0.39133 -0.79662 -1.00000
-0.33270 -0.86828 -1.00000
-0.27483 -0.93852 -1.00000
-0.21790 -1.00000 -1.00000
-0.16208 -1.00000 -1.00000
-0.10746 -1.00000 -1.00000
-0.05414 -1.00000 -1.00000
-0.00220 -1.00000 -1.00000
 0.04827 -1.00000 -1.00000
 0.09719 -1.00000 -1.00000
 0.14447 -1.00000 -1.00000
 0.19004 -1.00000 -1.00000
 0.23383 -1.00000 -1.00000
 0.27575 -1.00000 -1.00000
 0.31575 -1.00000 -1.00000
 0.35374 -1.00000 -1.00000
 0.38968 -1.00000 -1.00000
 0.42350 -1.00000 -1.00000
 0.45514 -1.00000 -1.00000
 0.48456 -1.00000 -1.00000
 0.51170 -1.00000 -1.00000
 0.53651 -1.00000 -1.00000
 0.55897 -1.00000 -1.00000
 0.57902 -1.00000 -1.00000
 0.59664 -1.00000 -1.00000
 0.61180 -1.00000 -1.00000
 0.62447 -1.00000 -1.00000
 0.63464 -1.00000 -1.00000
 0.64227 -1.00000 -1.00000
 0.64737 -1.00000 -1.00000
 0.64992 -1.00000 -1.00000
-0.00000 -0.00000 -0.00000
