      87
-0.00000 -0.00000 -0.00000
 0.11832  0.82167  0.56227
 0.10755  0.81029  0.58064
 0.09751  0.79913  0.59764
 0.08813  0.78818  0.61342
 0.07938  0.77746  0.62812
 0.07119  0.76696  0.64187
 0.06353  0.75666  0.65476
 0.05636  0.74656  0.66691
 0.04964  0.73663  0.67838
 0.04334  0.72687  0.68925
 0.03744  0.71725  0.69960
 0.03191  0.70775  0.70948
 0.02673  0.69834  0.71895
 0.02188  0.68901  0.72806
 0.01733  0.67973  0.73686
 0.01309  0.67046  0.74538
 0.00912  0.66119  0.75367
 0.00543  0.65189  0.76177
 0.00200  0.64251  0.76971
-0.00117  0.63303  0.77753
-0.00408  0.62341  0.78526
-0.00674  0.61361  0.79292
-0.00915  0.60357  0.80057
-0.01131  0.59325  0.80822
-0.01321  0.58259  0.81591
-0.01483  0.57151  0.82367
-0.01618  0.55995  0.83155
-0.01723  0.54781  0.83958
-0.01796  0.53499  0.84779
-0.01835  0.52135  0.85624
-0.01835  0.50675  0.86496
-0.01793  0.49100  0.87401
-0.01704  0.47388  0.88342
-0.01559  0.45511  0.89326
-0.01351  0.43436  0.90357
-0.01067  0.41118  0.91439
-0.00694  0.38502  0.92574
-0.00212  0.35516  0.93763
 0.00403  0.32067  0.94997
 0.01184  0.28032  0.96258
 0.02172  0.23248  0.97507
 0.03424  0.17499  0.98666
 0.05009  0.10506  0.99586
 0.07013  0.01918  1.00000
 0.09524 -0.08655  0.99435
 0.12598 -0.21528  0.97112
 0.16183 -0.36649  0.91912
 0.19998 -0.53137  0.82640
 0.23505 -0.69011  0.68833
 0.26116 -0.81874  0.51647
 0.27573 -0.90364  0.33569
 0.28044 -0.94765  0.16910
 0.27884 -0.96267  0.02817
 0.27405 -0.96063 -0.08588
 0.26805 -0.94986 -0.17664
 0.26190 -0.93530 -0.24882
 0.25608 -0.91962 -0.30662
 0.25077 -0.90416 -0.35340
 0.24604 -0.88956 -0.39172
 0.24185 -0.87606 -0.42346
 0.23815 -0.86373 -0.45004
 0.23489 -0.85254 -0.47253
 0.23202 -0.84242 -0.49171
 0.22948 -0.83327 -0.50821
 0.22723 -0.82502 -0.52249
 0.22524 -0.81756 -0.53493
 0.22347 -0.81082 -0.54581
 0.22190 -0.80474 -0.55537
 0.22050 -0.79925 -0.56380
 0.21925 -0.79429 -0.57124
 0.21814 -0.78982 -0.57783
 0.21715 -0.78579 -0.58366
 0.21627 -0.78218 -0.58882
 0.21549 -0.77894 -0.59339
 0.21480 -0.77605 -0.59741
 0.21419 -0.77349 -0.60093
 0.21366 -0.77124 -0.60401
 0.21320 -0.76927 -0.60667
 0.21281 -0.76759 -0.60894
 0.21248 -0.76616 -0.61085
 0.21221 -0.76499 -0.61241
 0.21199 -0.76406 -0.61364
 0.21184 -0.76337 -0.61456
 0.21173 -0.76291 -0.61516
 0.21168 -0.76268 -0.61546
-0.00000 -0.00000 -0.00000
