    1000
 0.01400  0.01398 -0.00715
 0.02799  0.02795 -0.01429
 0.05593  0.05585 -0.02855
 0.08374  0.08362 -0.04274
 0.11137  0.11122 -0.05685
 0.13877  0.13858 -0.07083
 0.16587  0.16564 -0.08467
 0.19262  0.19236 -0.09832
 0.21897  0.21867 -0.11177
 0.24485  0.24452 -0.12498
 0.27023  0.26986 -0.13793
 0.29505  0.29465 -0.15060
 0.31926  0.31884 -0.16296
 0.34282  0.34239 -0.17499
 0.36569  0.36525 -0.18667
 0.38784  0.38739 -0.19798
 0.40921  0.40878 -0.20891
 0.42979  0.42938 -0.21942
 0.44955  0.44918 -0.22952
 0.46845  0.46814 -0.23919
 0.48648  0.48625 -0.24842
 0.50361  0.50349 -0.25720
 0.51982  0.51985 -0.26552
 0.53512  0.53532 -0.27338
 0.54948  0.54990 -0.28077
 0.56290  0.56359 -0.28769
 0.57538  0.57639 -0.29415
 0.58691  0.58830 -0.30014
 0.59751  0.59933 -0.30566
 0.60718  0.60950 -0.31073
 0.61593  0.61883 -0.31534
 0.62377  0.62732 -0.31952
 0.63071  0.63501 -0.32325
 0.63679  0.64192 -0.32657
 0.64201  0.64806 -0.32947
 0.64640  0.65348 -0.33198
 0.64999  0.65821 -0.33410
 0.65280  0.66226 -0.33585
 0.65487  0.66568 -0.33725
 0.65622  0.66851 -0.33832
 0.65689  0.67078 -0.33906
 0.65691  0.67252 -0.33951
 0.65631  0.67377 -0.33968
 0.65513  0.67458 -0.33958
 0.65341  0.67498 -0.33923
 0.65118  0.67501 -0.33866
 0.64847  0.67470 -0.33789
 0.64533  0.67409 -0.33692
 0.64179  0.67323 -0.33578
 0.63788  0.67214 -0.33449
 0.63364  0.67087 -0.33307
 0.62910  0.66944 -0.33153
 0.62429  0.66789 -0.32988
 0.61925  0.66625 -0.32815
 0.61399  0.66455 -0.32635
 0.60856  0.66282 -0.32448
 0.60297  0.66108 -0.32258
 0.59725  0.65936 -0.32064
 0.59142  0.65769 -0.31868
 0.58550  0.65607 -0.31671
 0.57951  0.65454 -0.31473
 0.57347  0.65311 -0.31276
 0.56739  0.65179 -0.31081
 0.56128  0.65060 -0.30887
 0.55515  0.64955 -0.30695
 0.54901  0.64864 -0.30506
 0.54286  0.64788 -0.30320
 0.53671  0.64729 -0.30137
 0.53056  0.64685 -0.29958
 0.52442  0.64657 -0.29781
 0.51827  0.64646 -0.29607
 0.51212  0.64651 -0.29437
 0.50595  0.64671 -0.29268
 0.49978  0.64706 -0.29102
 0.49358  0.64756 -0.28938
 0.48735  0.64819 -0.28774
 0.48108  0.64895 -0.28612
 0.47476  0.64982 -0.28450
 0.46838  0.65081 -0.28287
 0.46193  0.65188 -0.28123
 0.45539  0.65304 -0.27957
 0.44877  0.65427 -0.27788
 0.44204  0.65556 -0.27617
 0.43519  0.65689 -0.27441
 0.42822  0.65825 -0.27261
 0.42111  0.65963 -0.27075
 0.41385  0.66102 -0.26883
 0.40643  0.66239 -0.26684
 0.39886  0.66374 -0.26478
 0.39111  0.66506 -0.26264
 0.38318  0.66634 -0.26042
 0.37507  0.66755 -0.25811
 0.36677  0.66871 -0.25570
 0.35828  0.66978 -0.25319
 0.34960  0.67077 -0.25057
 0.34072  0.67167 -0.24786
 0.33166  0.67248 -0.24503
 0.32240  0.67318 -0.24210
 0.31296  0.67377 -0.23905
 0.30333  0.67425 -0.23589
 0.29353  0.67462 -0.23262
 0.28356  0.67488 -0.22925
 0.27342  0.67502 -0.22576
 0.26313  0.67505 -0.22216
 0.25270  0.67497 -0.21846
 0.24214  0.67478 -0.21466
 0.23146  0.67449 -0.21075
 0.22066  0.67410 -0.20676
 0.20977  0.67363 -0.20267
 0.19880  0.67307 -0.19850
 0.18776  0.67244 -0.19424
 0.17666  0.67174 -0.18991
 0.16552  0.67098 -0.18551
 0.15435  0.67018 -0.18104
 0.14317  0.66934 -0.17652
 0.13198  0.66847 -0.17194
 0.12080  0.66759 -0.16731
 0.10965  0.66671 -0.16264
 0.09854  0.66583 -0.15793
 0.08747  0.66497 -0.15319
 0.07645  0.66414 -0.14842
 0.06551  0.66334 -0.14363
 0.05464  0.66260 -0.13882
 0.04385  0.66191 -0.13399
 0.03316  0.66129 -0.12915
 0.02256  0.66075 -0.12430
 0.01206  0.66029 -0.11945
 0.00166  0.65991 -0.11459
-0.00862  0.65963 -0.10972
-0.01880  0.65945 -0.10486
-0.02887  0.65937 -0.09999
-0.03883  0.65940 -0.09511
-0.04868  0.65953 -0.09023
-0.05843  0.65977 -0.08535
-0.06807  0.66010 -0.08045
-0.07763  0.66054 -0.07555
-0.08709  0.66108 -0.07063
-0.09646  0.66170 -0.06569
-0.10576  0.66241 -0.06072
-0.11499  0.66319 -0.05573
-0.12415  0.66404 -0.05071
-0.13326  0.66494 -0.04564
-0.14232  0.66589 -0.04053
-0.15135  0.66687 -0.03537
-0.16034  0.66786 -0.03016
-0.16932  0.66885 -0.02487
-0.17828  0.66983 -0.01952
-0.18724  0.67078 -0.01409
-0.19621  0.67168 -0.00858
-0.20519  0.67251 -0.00297
-0.21418  0.67326  0.00273
-0.22321  0.67391  0.00854
-0.23226  0.67443  0.01445
-0.24136  0.67481  0.02048
-0.25050  0.67503  0.02663
-0.25968  0.67506  0.03290
-0.26891  0.67490  0.03930
-0.27819  0.67453  0.04583
-0.28753  0.67391  0.05250
-0.29691  0.67304  0.05931
-0.30635  0.67191  0.06626
-0.31583  0.67048  0.07334
-0.32536  0.66876  0.08057
-0.33492  0.66672  0.08794
-0.34452  0.66435  0.09545
-0.35415  0.66165  0.10310
-0.36380  0.65859  0.11088
-0.37346  0.65518  0.11879
-0.38313  0.65139  0.12683
-0.39279  0.64724  0.13500
-0.40243  0.64271  0.14328
-0.41204  0.63780  0.15167
-0.42161  0.63250  0.16016
-0.43113  0.62683  0.16875
-0.44058  0.62077  0.17743
-0.44996  0.61434  0.18619
-0.45924  0.60753  0.19502
-0.46841  0.60036  0.20390
-0.47747  0.59283  0.21284
-0.48639  0.58496  0.22182
-0.49517  0.57674  0.23083
-0.50378  0.56820  0.23985
-0.51222  0.55935  0.24889
-0.52047  0.55019  0.25792
-0.52853  0.54076  0.26694
-0.53638  0.53106  0.27593
-0.54400  0.52111  0.28488
-0.55140  0.51093  0.29379
-0.55855  0.50054  0.30265
-0.56545  0.48996  0.31143
-0.57209  0.47921  0.32014
-0.57847  0.46831  0.32877
-0.58458  0.45727  0.33730
-0.59041  0.44613  0.34572
-0.59596  0.43489  0.35404
-0.60123  0.42359  0.36224
-0.60620  0.41224  0.37031
-0.61089  0.40086  0.37826
-0.61529  0.38947  0.38606
-0.61940  0.37809  0.39373
-0.62322  0.36674  0.40125
-0.62675  0.35543  0.40863
-0.63000  0.34419  0.41585
-0.63296  0.33302  0.42292
-0.63565  0.32195  0.42983
-0.63807  0.31098  0.43659
-0.64022  0.30013  0.44320
-0.64212  0.28941  0.44964
-0.64375  0.27884  0.45594
-0.64514  0.26841  0.46208
-0.64629  0.25815  0.46806
-0.64721  0.24804  0.47390
-0.64791  0.23811  0.47959
-0.64839  0.22836  0.48514
-0.64866  0.21879  0.49054
-0.64873  0.20940  0.49581
-0.64861  0.20019  0.50095
-0.64831  0.19117  0.50595
-0.64784  0.18232  0.51084
-0.64720  0.17366  0.51560
-0.64640  0.16518  0.52024
-0.64546  0.15688  0.52477
-0.64437  0.14874  0.52920
-0.64315  0.14077  0.53352
-0.64180  0.13296  0.53774
-0.64034  0.12531  0.54187
-0.63876  0.11780  0.54591
-0.63707  0.11043  0.54986
-0.63529  0.10319  0.55373
-0.63341  0.09608  0.55752
-0.63144  0.08909  0.56124
-0.62938  0.08220  0.56488
-0.62725  0.07541  0.56845
-0.62503  0.06872  0.57196
-0.62275  0.06211  0.57540
-0.62040  0.05557  0.57879
-0.61798  0.04910  0.58211
-0.61550  0.04270  0.58537
-0.61295  0.03634  0.58858
-0.61035  0.03003  0.59173
-0.60769  0.02375  0.59483
-0.60498  0.01751  0.59788
-0.60221  0.01129  0.60087
-0.59939  0.00509  0.60381
-0.59651 -0.00109  0.60670
-0.59359 -0.00727  0.60953
-0.59061 -0.01344  0.61231
-0.58758 -0.01961  0.61504
-0.58450 -0.02578  0.61772
-0.58137 -0.03196  0.62034
-0.57819 -0.03815  0.62291
-0.57496 -0.04434  0.62542
-0.57168 -0.05055  0.62788
-0.56835 -0.05677  0.63028
-0.56497 -0.06301  0.63262
-0.56153 -0.06925  0.63490
-0.55805 -0.07552  0.63713
-0.55451 -0.08179  0.63929
-0.55092 -0.08808  0.64139
-0.54728 -0.09437  0.64343
-0.54359 -0.10068  0.64540
-0.53985 -0.10699  0.64731
-0.53606 -0.11331  0.64916
-0.53221 -0.11963  0.65093
-0.52832 -0.12595  0.65265
-0.52437 -0.13227  0.65429
-0.52038 -0.13859  0.65587
-0.51633 -0.14489  0.65738
-0.51224 -0.15118  0.65883
-0.50810 -0.15746  0.66020
-0.50392 -0.16372  0.66151
-0.49968 -0.16995  0.66276
-0.49541 -0.17616  0.66393
-0.49109 -0.18234  0.66504
-0.48673 -0.18849  0.66608
-0.48233 -0.19460  0.66706
-0.47788 -0.20068  0.66797
-0.47341 -0.20670  0.66882
-0.46889 -0.21269  0.66960
-0.46434 -0.21862  0.67033
-0.45976 -0.22450  0.67099
-0.45515 -0.23032  0.67160
-0.45050 -0.23608  0.67215
-0.44583 -0.24178  0.67264
-0.44114 -0.24741  0.67308
-0.43642 -0.25297  0.67347
-0.43168 -0.25847  0.67381
-0.42692 -0.26388  0.67410
-0.42214 -0.26923  0.67435
-0.41735 -0.27449  0.67455
-0.41254 -0.27967  0.67472
-0.40773 -0.28477  0.67484
-0.40290 -0.28979  0.67493
-0.39807 -0.29472  0.67498
-0.39323 -0.29956  0.67501
-0.38838 -0.30432  0.67500
-0.38354 -0.30898  0.67498
-0.37870 -0.31356  0.67492
-0.37386 -0.31804  0.67485
-0.36902 -0.32244  0.67477
-0.36419 -0.32674  0.67466
-0.35936 -0.33095  0.67455
-0.35455 -0.33507  0.67443
-0.34974 -0.33911  0.67430
-0.34495 -0.34305  0.67417
-0.34017 -0.34691  0.67404
-0.33540 -0.35068  0.67391
-0.33065 -0.35436  0.67378
-0.32592 -0.35797  0.67366
-0.32120 -0.36150  0.67354
-0.31650 -0.36495  0.67344
-0.31181 -0.36832  0.67335
-0.30714 -0.37163  0.67327
-0.30249 -0.37487  0.67321
-0.29786 -0.37805  0.67316
-0.29325 -0.38117  0.67313
-0.28865 -0.38423  0.67311
-0.28407 -0.38725  0.67311
-0.27950 -0.39022  0.67313
-0.27494 -0.39315  0.67317
-0.27040 -0.39605  0.67322
-0.26587 -0.39891  0.67329
-0.26135 -0.40176  0.67338
-0.25684 -0.40459  0.67347
-0.25233 -0.40740  0.67358
-0.24782 -0.41021  0.67370
-0.24332 -0.41302  0.67383
-0.23881 -0.41584  0.67395
-0.23430 -0.41867  0.67408
-0.22978 -0.42152  0.67421
-0.22526 -0.42439  0.67433
-0.22072 -0.42729  0.67444
-0.21616 -0.43023  0.67453
-0.21159 -0.43321  0.67461
-0.20699 -0.43624  0.67466
-0.20236 -0.43931  0.67468
-0.19771 -0.44245  0.67466
-0.19303 -0.44564  0.67461
-0.18831 -0.44890  0.67450
-0.18355 -0.45223  0.67435
-0.17875 -0.45563  0.67414
-0.17391 -0.45910  0.67386
-0.16902 -0.46265  0.67351
-0.16408 -0.46628  0.67308
-0.15908 -0.46999  0.67257
-0.15404 -0.47378  0.67197
-0.14893 -0.47765  0.67127
-0.14377 -0.48161  0.67048
-0.13854 -0.48564  0.66957
-0.13325 -0.48975  0.66856
-0.12790 -0.49394  0.66742
-0.12249 -0.49820  0.66617
-0.11701 -0.50254  0.66478
-0.11146 -0.50694  0.66327
-0.10585 -0.51141  0.66162
-0.10017 -0.51593  0.65983
-0.09443 -0.52051  0.65789
-0.08863 -0.52514  0.65582
-0.08276 -0.52981  0.65359
-0.07684 -0.53452  0.65122
-0.07085 -0.53925  0.64870
-0.06481 -0.54401  0.64603
-0.05872 -0.54878  0.64321
-0.05257 -0.55356  0.64024
-0.04638 -0.55833  0.63712
-0.04014 -0.56310  0.63386
-0.03386 -0.56784  0.63045
-0.02755 -0.57256  0.62691
-0.02121 -0.57725  0.62323
-0.01484 -0.58189  0.61942
-0.00844 -0.58648  0.61548
-0.00203 -0.59101  0.61142
 0.00440 -0.59546  0.60725
 0.01084 -0.59985  0.60297
 0.01728 -0.60415  0.59858
 0.02372 -0.60835  0.59411
 0.03015 -0.61246  0.58954
 0.03657 -0.61646  0.58490
 0.04298 -0.62035  0.58018
 0.04936 -0.62412  0.57540
 0.05572 -0.62777  0.57057
 0.06205 -0.63129  0.56570
 0.06834 -0.63467  0.56079
 0.07460 -0.63792  0.55586
 0.08081 -0.64103  0.55090
 0.08697 -0.64400  0.54594
 0.09309 -0.64682  0.54098
 0.09915 -0.64950  0.53603
 0.10516 -0.65202  0.53109
 0.11111 -0.65440  0.52619
 0.11699 -0.65664  0.52131
 0.12282 -0.65872  0.51648
 0.12858 -0.66066  0.51169
 0.13427 -0.66246  0.50696
 0.13989 -0.66412  0.50230
 0.14545 -0.66563  0.49770
 0.15094 -0.66702  0.49317
 0.15637 -0.66827  0.48872
 0.16173 -0.66940  0.48434
 0.16702 -0.67040  0.48006
 0.17225 -0.67129  0.47586
 0.17741 -0.67207  0.47175
 0.18251 -0.67274  0.46772
 0.18755 -0.67331  0.46379
 0.19254 -0.67379  0.45995
 0.19747 -0.67418  0.45620
 0.20235 -0.67450  0.45254
 0.20718 -0.67473  0.44897
 0.21197 -0.67490  0.44548
 0.21671 -0.67501  0.44207
 0.22141 -0.67506  0.43874
 0.22608 -0.67507  0.43548
 0.23072 -0.67503  0.43229
 0.23533 -0.67496  0.42916
 0.23991 -0.67486  0.42609
 0.24447 -0.67473  0.42306
 0.24902 -0.67458  0.42009
 0.25355 -0.67443  0.41715
 0.25808 -0.67426  0.41424
 0.26259 -0.67409  0.41135
 0.26711 -0.67392  0.40847
 0.27162 -0.67375  0.40561
 0.27614 -0.67359  0.40274
 0.28066 -0.67344  0.39986
 0.28519 -0.67331  0.39697
 0.28973 -0.67319  0.39405
 0.29428 -0.67309  0.39110
 0.29885 -0.67300  0.38811
 0.30344 -0.67294  0.38507
 0.30804 -0.67290  0.38198
 0.31266 -0.67288  0.37882
 0.31730 -0.67288  0.37560
 0.32196 -0.67290  0.37230
 0.32664 -0.67294  0.36892
 0.33135 -0.67300  0.36546
 0.33607 -0.67307  0.36190
 0.34082 -0.67317  0.35825
 0.34558 -0.67327  0.35450
 0.35037 -0.67338  0.35064
 0.35517 -0.67350  0.34668
 0.35998 -0.67363  0.34261
 0.36481 -0.67375  0.33843
 0.36966 -0.67388  0.33414
 0.37451 -0.67400  0.32973
 0.37938 -0.67411  0.32521
 0.38425 -0.67421  0.32057
 0.38912 -0.67429  0.31582
 0.39400 -0.67435  0.31096
 0.39887 -0.67439  0.30599
 0.40375 -0.67440  0.30091
 0.40861 -0.67438  0.29572
 0.41347 -0.67433  0.29043
 0.41831 -0.67424  0.28504
 0.42314 -0.67411  0.27956
 0.42795 -0.67393  0.27398
 0.43274 -0.67370  0.26832
 0.43751 -0.67343  0.26257
 0.44225 -0.67310  0.25675
 0.44696 -0.67271  0.25085
 0.45164 -0.67227  0.24488
 0.45629 -0.67176  0.23886
 0.46090 -0.67119  0.23277
 0.46548 -0.67056  0.22664
 0.47002 -0.66986  0.22046
 0.47451 -0.66909  0.21425
 0.47896 -0.66825  0.20799
 0.48337 -0.66735  0.20172
 0.48773 -0.66637  0.19541
 0.49204 -0.66532  0.18910
 0.49631 -0.66421  0.18276
 0.50052 -0.66302  0.17643
 0.50469 -0.66175  0.17009
 0.50880 -0.66042  0.16375
 0.51287 -0.65902  0.15742
 0.51688 -0.65755  0.15110
 0.52084 -0.65601  0.14479
 0.52475 -0.65440  0.13850
 0.52861 -0.65273  0.13223
 0.53242 -0.65099  0.12599
 0.53617 -0.64919  0.11977
 0.53988 -0.64732  0.11358
 0.54353 -0.64539  0.10741
 0.54714 -0.64340  0.10128
 0.55070 -0.64136  0.09518
 0.55421 -0.63925  0.08911
 0.55767 -0.63709  0.08307
 0.56108 -0.63488  0.07706
 0.56445 -0.63261  0.07109
 0.56778 -0.63029  0.06514
 0.57106 -0.62793  0.05922
 0.57429 -0.62551  0.05333
 0.57748 -0.62305  0.04747
 0.58063 -0.62054  0.04163
 0.58374 -0.61798  0.03581
 0.58681 -0.61538  0.03001
 0.58983 -0.61274  0.02423
 0.59282 -0.61005  0.01845
 0.59576 -0.60733  0.01270
 0.59867 -0.60456  0.00694
 0.60153 -0.60175  0.00120
 0.60435 -0.59890 -0.00455
 0.60713 -0.59601 -0.01029
 0.60987 -0.59308 -0.01605
 0.61257 -0.59010 -0.02180
 0.61523 -0.58709 -0.02757
 0.61784 -0.58404 -0.03336
 0.62041 -0.58094 -0.03916
 0.62293 -0.57781 -0.04497
 0.62541 -0.57463 -0.05081
 0.62784 -0.57141 -0.05667
 0.63023 -0.56814 -0.06256
 0.63256 -0.56484 -0.06848
 0.63485 -0.56148 -0.07442
 0.63708 -0.55809 -0.08039
 0.63926 -0.55464 -0.08639
 0.64138 -0.55115 -0.09243
 0.64345 -0.54761 -0.09849
 0.64546 -0.54403 -0.10459
 0.64741 -0.54039 -0.11072
 0.64930 -0.53671 -0.11687
 0.65113 -0.53297 -0.12306
 0.65290 -0.52919 -0.12927
 0.65459 -0.52535 -0.13551
 0.65623 -0.52146 -0.14177
 0.65779 -0.51752 -0.14805
 0.65929 -0.51353 -0.15435
 0.66072 -0.50949 -0.16066
 0.66207 -0.50540 -0.16698
 0.66336 -0.50126 -0.17330
 0.66458 -0.49706 -0.17963
 0.66572 -0.49282 -0.18595
 0.66679 -0.48853 -0.19227
 0.66780 -0.48419 -0.19858
 0.66873 -0.47980 -0.20486
 0.66958 -0.47537 -0.21113
 0.67037 -0.47089 -0.21736
 0.67110 -0.46637 -0.22356
 0.67175 -0.46181 -0.22973
 0.67234 -0.45721 -0.23584
 0.67286 -0.45257 -0.24191
 0.67332 -0.44790 -0.24792
 0.67372 -0.44320 -0.25386
 0.67406 -0.43847 -0.25974
 0.67434 -0.43371 -0.26555
 0.67458 -0.42892 -0.27128
 0.67476 -0.42411 -0.27692
 0.67489 -0.41929 -0.28248
 0.67499 -0.41444 -0.28795
 0.67504 -0.40959 -0.29332
 0.67505 -0.40472 -0.29859
 0.67503 -0.39984 -0.30375
 0.67498 -0.39496 -0.30882
 0.67491 -0.39007 -0.31377
 0.67481 -0.38519 -0.31861
 0.67470 -0.38031 -0.32335
 0.67457 -0.37543 -0.32797
 0.67442 -0.37056 -0.33247
 0.67428 -0.36570 -0.33686
 0.67412 -0.36085 -0.34114
 0.67397 -0.35601 -0.34531
 0.67382 -0.35119 -0.34937
 0.67368 -0.34639 -0.35331
 0.67355 -0.34160 -0.35716
 0.67342 -0.33684 -0.36090
 0.67331 -0.33209 -0.36454
 0.67322 -0.32737 -0.36808
 0.67315 -0.32266 -0.37154
 0.67309 -0.31798 -0.37491
 0.67306 -0.31332 -0.37820
 0.67304 -0.30868 -0.38142
 0.67305 -0.30406 -0.38457
 0.67308 -0.29946 -0.38766
 0.67314 -0.29487 -0.39069
 0.67321 -0.29031 -0.39368
 0.67330 -0.28575 -0.39663
 0.67341 -0.28121 -0.39955
 0.67354 -0.27668 -0.40244
 0.67368 -0.27216 -0.40532
 0.67383 -0.26764 -0.40819
 0.67399 -0.26313 -0.41106
 0.67416 -0.25862 -0.41393
 0.67432 -0.25410 -0.41682
 0.67448 -0.24957 -0.41973
 0.67463 -0.24503 -0.42268
 0.67476 -0.24048 -0.42566
 0.67488 -0.23591 -0.42868
 0.67497 -0.23132 -0.43175
 0.67503 -0.22671 -0.43488
 0.67506 -0.22207 -0.43807
 0.67504 -0.21739 -0.44133
 0.67497 -0.21268 -0.44467
 0.67484 -0.20793 -0.44808
 0.67466 -0.20313 -0.45156
 0.67440 -0.19829 -0.45514
 0.67407 -0.19340 -0.45879
 0.67365 -0.18846 -0.46254
 0.67315 -0.18346 -0.46637
 0.67255 -0.17841 -0.47030
 0.67185 -0.17330 -0.47431
 0.67104 -0.16812 -0.47841
 0.67011 -0.16288 -0.48260
 0.66907 -0.15758 -0.48688
 0.66791 -0.15221 -0.49123
 0.66662 -0.14677 -0.49567
 0.66519 -0.14127 -0.50018
 0.66363 -0.13569 -0.50476
 0.66193 -0.13006 -0.50940
 0.66008 -0.12435 -0.51411
 0.65809 -0.11858 -0.51887
 0.65596 -0.11275 -0.52367
 0.65367 -0.10685 -0.52852
 0.65124 -0.10089 -0.53339
 0.64866 -0.09488 -0.53830
 0.64592 -0.08881 -0.54321
 0.64304 -0.08269 -0.54814
 0.64002 -0.07651 -0.55306
 0.63685 -0.07030 -0.55797
 0.63354 -0.06404 -0.56287
 0.63009 -0.05774 -0.56773
 0.62651 -0.05141 -0.57256
 0.62280 -0.04505 -0.57735
 0.61897 -0.03867 -0.58208
 0.61502 -0.03226 -0.58674
 0.61095 -0.02585 -0.59134
 0.60678 -0.01942 -0.59585
 0.60252 -0.01298 -0.60028
 0.59816 -0.00655 -0.60461
 0.59372 -0.00012 -0.60884
 0.58920  0.00630 -0.61297
 0.58461  0.01270 -0.61697
 0.57997  0.01908 -0.62086
 0.57527  0.02544 -0.62462
 0.57053  0.03177 -0.62824
 0.56576  0.03807 -0.63174
 0.56096  0.04433 -0.63509
 0.55614  0.05055 -0.63830
 0.55132  0.05672 -0.64137
 0.54650  0.06285 -0.64429
 0.54168  0.06893 -0.64707
 0.53688  0.07495 -0.64969
 0.53211  0.08091 -0.65217
 0.52736  0.08682 -0.65450
 0.52266  0.09266 -0.65668
 0.51799  0.09845 -0.65872
 0.51338  0.10416 -0.66061
 0.50883  0.10982 -0.66237
 0.50433  0.11541 -0.66399
 0.49990  0.12093 -0.66547
 0.49554  0.12639 -0.66682
 0.49125  0.13179 -0.66805
 0.48704  0.13712 -0.66916
 0.48291  0.14238 -0.67015
 0.47886  0.14759 -0.67103
 0.47489  0.15273 -0.67180
 0.47100  0.15782 -0.67247
 0.46720  0.16285 -0.67306
 0.46348  0.16782 -0.67355
 0.45984  0.17275 -0.67396
 0.45628  0.17762 -0.67430
 0.45279  0.18245 -0.67456
 0.44939  0.18723 -0.67477
 0.44605  0.19197 -0.67491
 0.44279  0.19668 -0.67501
 0.43959  0.20135 -0.67505
 0.43645  0.20599 -0.67506
 0.43336  0.21060 -0.67504
 0.43033  0.21519 -0.67498
 0.42735  0.21975 -0.67491
 0.42440  0.22430 -0.67481
 0.42150  0.22883 -0.67470
 0.41862  0.23335 -0.67458
 0.41577  0.23786 -0.67445
 0.41293  0.24236 -0.67432
 0.41011  0.24686 -0.67419
 0.40729  0.25136 -0.67407
 0.40448  0.25585 -0.67395
 0.40165  0.26036 -0.67384
 0.39882  0.26487 -0.67374
 0.39597  0.26938 -0.67366
 0.39309  0.27391 -0.67358
 0.39018  0.27845 -0.67353
 0.38724  0.28300 -0.67349
 0.38426  0.28756 -0.67347
 0.38124  0.29214 -0.67346
 0.37816  0.29673 -0.67347
 0.37503  0.30134 -0.67350
 0.37184  0.30597 -0.67354
 0.36858  0.31062 -0.67360
 0.36526  0.31528 -0.67367
 0.36187  0.31996 -0.67376
 0.35840  0.32465 -0.67385
 0.35486  0.32937 -0.67395
 0.35123  0.33410 -0.67406
 0.34753  0.33884 -0.67418
 0.34374  0.34360 -0.67429
 0.33986  0.34837 -0.67441
 0.33589  0.35316 -0.67453
 0.33184  0.35795 -0.67464
 0.32770  0.36276 -0.67474
 0.32346  0.36757 -0.67484
 0.31914  0.37239 -0.67492
 0.31472  0.37721 -0.67498
 0.31021  0.38204 -0.67503
 0.30561  0.38687 -0.67506
 0.30092  0.39170 -0.67506
 0.29614  0.39653 -0.67504
 0.29127  0.40135 -0.67499
 0.28632  0.40616 -0.67491
 0.28128  0.41097 -0.67479
 0.27615  0.41577 -0.67464
 0.27094  0.42055 -0.67444
 0.26565  0.42533 -0.67421
 0.26029  0.43008 -0.67393
 0.25484  0.43482 -0.67361
 0.24932  0.43953 -0.67323
 0.24374  0.44423 -0.67281
 0.23808  0.44890 -0.67234
 0.23235  0.45354 -0.67181
 0.22657  0.45815 -0.67122
 0.22072  0.46274 -0.67058
 0.21482  0.46729 -0.66988
 0.20887  0.47181 -0.66912
 0.20286  0.47630 -0.66829
 0.19681  0.48074 -0.66741
 0.19072  0.48515 -0.66646
 0.18458  0.48952 -0.66544
 0.17842  0.49385 -0.66436
 0.17221  0.49814 -0.66322
 0.16598  0.50238 -0.66200
 0.15973  0.50657 -0.66072
 0.15345  0.51072 -0.65938
 0.14716  0.51483 -0.65796
 0.14085  0.51888 -0.65648
 0.13452  0.52289 -0.65493
 0.12820  0.52685 -0.65331
 0.12186  0.53076 -0.65163
 0.11552  0.53461 -0.64988
 0.10919  0.53842 -0.64807
 0.10286  0.54218 -0.64618
 0.09653  0.54588 -0.64424
 0.09021  0.54953 -0.64223
 0.08390  0.55314 -0.64016
 0.07760  0.55669 -0.63802
 0.07132  0.56018 -0.63583
 0.06505  0.56363 -0.63357
 0.05879  0.56703 -0.63125
 0.05254  0.57037 -0.62888
 0.04632  0.57366 -0.62645
 0.04010  0.57691 -0.62396
 0.03389  0.58010 -0.62142
 0.02770  0.58324 -0.61882
 0.02152  0.58633 -0.61616
 0.01534  0.58937 -0.61346
 0.00916  0.59236 -0.61070
 0.00298  0.59530 -0.60789
-0.00320  0.59819 -0.60502
-0.00938  0.60102 -0.60210
-0.01559  0.60380 -0.59913
-0.02181  0.60653 -0.59611
-0.02805  0.60920 -0.59304
-0.03433  0.61182 -0.58991
-0.04064  0.61438 -0.58673
-0.04700  0.61688 -0.58349
-0.05341  0.61932 -0.58019
-0.05988  0.62169 -0.57684
-0.06641  0.62400 -0.57343
-0.07302  0.62623 -0.56995
-0.07971  0.62840 -0.56641
-0.08649  0.63048 -0.56280
-0.09337  0.63248 -0.55912
-0.10036  0.63440 -0.55537
-0.10747  0.63622 -0.55155
-0.11470  0.63795 -0.54764
-0.12205  0.63957 -0.54365
-0.12955  0.64108 -0.53957
-0.13720  0.64248 -0.53540
-0.14499  0.64376 -0.53114
-0.15294  0.64490 -0.52677
-0.16106  0.64591 -0.52230
-0.16935  0.64678 -0.51772
-0.17781  0.64749 -0.51303
-0.18644  0.64804 -0.50822
-0.19526  0.64843 -0.50329
-0.20425  0.64863 -0.49824
-0.21343  0.64865 -0.49305
-0.22278  0.64848 -0.48773
-0.23232  0.64810 -0.48227
-0.24203  0.64751 -0.47667
-0.25191  0.64671 -0.47092
-0.26197  0.64567 -0.46503
-0.27218  0.64440 -0.45899
-0.28255  0.64288 -0.45279
-0.29307  0.64112 -0.44644
-0.30373  0.63910 -0.43994
-0.31451  0.63681 -0.43328
-0.32541  0.63426 -0.42646
-0.33641  0.63143 -0.41949
-0.34750  0.62832 -0.41237
-0.35867  0.62493 -0.40510
-0.36989  0.62125 -0.39767
-0.38116  0.61728 -0.39010
-0.39245  0.61302 -0.38238
-0.40374  0.60847 -0.37453
-0.41502  0.60363 -0.36654
-0.42627  0.59851 -0.35843
-0.43747  0.59309 -0.35019
-0.44860  0.58739 -0.34183
-0.45964  0.58141 -0.33337
-0.47056  0.57515 -0.32481
-0.48135  0.56862 -0.31616
-0.49199  0.56183 -0.30743
-0.50245  0.55478 -0.29862
-0.51272  0.54749 -0.28975
-0.52278  0.53996 -0.28082
-0.53260  0.53220 -0.27186
-0.54218  0.52422 -0.26286
-0.55149  0.51604 -0.25384
-0.56052  0.50766 -0.24481
-0.56925  0.49910 -0.23578
-0.57767  0.49037 -0.22676
-0.58576  0.48149 -0.21777
-0.59352  0.47246 -0.20881
-0.60092  0.46331 -0.19989
-0.60798  0.45404 -0.19103
-0.61466  0.44467 -0.18223
-0.62098  0.43522 -0.17350
-0.62692  0.42569 -0.16486
-0.63248  0.41611 -0.15631
-0.63767  0.40647 -0.14785
-0.64247  0.39680 -0.13951
-0.64690  0.38711 -0.13127
-0.65095  0.37741 -0.12316
-0.65463  0.36770 -0.11517
-0.65795  0.35801 -0.10731
-0.66091  0.34833 -0.09959
-0.66353  0.33868 -0.09200
-0.66581  0.32906 -0.08455
-0.66776  0.31949 -0.07724
-0.66940  0.30995 -0.07008
-0.67075  0.30047 -0.06305
-0.67181  0.29103 -0.05617
-0.67261  0.28166 -0.04943
-0.67315  0.27233 -0.04283
-0.67346  0.26306 -0.03636
-0.67356  0.25385 -0.03002
-0.67346  0.24468 -0.02382
-0.67318  0.23557 -0.01774
-0.67274  0.22649 -0.01178
-0.67217  0.21746 -0.00593
-0.67147  0.20847 -0.00019
-0.67067  0.19950  0.00545
-0.66979  0.19055  0.01099
-0.66884  0.18162  0.01644
-0.66784  0.17269  0.02180
-0.66682  0.16376  0.02709
-0.66578  0.15481  0.03231
-0.66474  0.14585  0.03747
-0.66373  0.13686  0.04257
-0.66274  0.12783  0.04762
-0.66179  0.11876  0.05263
-0.66091  0.10962  0.05759
-0.66008  0.10043  0.06253
-0.65934  0.09116  0.06744
-0.65868  0.08182  0.07232
-0.65810  0.07239  0.07719
-0.65763  0.06287  0.08204
-0.65725  0.05325  0.08689
-0.65698  0.04353  0.09172
-0.65681  0.03371  0.09655
-0.65675  0.02377  0.10137
-0.65679  0.01373  0.10620
-0.65694  0.00358  0.11102
-0.65718 -0.00667  0.11584
-0.65752 -0.01704  0.12065
-0.65795 -0.02751  0.12546
-0.65847 -0.03808  0.13026
-0.65906 -0.04875  0.13506
-0.65971 -0.05951  0.13984
-0.66043 -0.07035  0.14461
-0.66120 -0.08126  0.14937
-0.66200 -0.09224  0.15409
-0.66284 -0.10328  0.15880
-0.66370 -0.11436  0.16347
-0.66456 -0.12548  0.16810
-0.66543 -0.13662  0.17269
-0.66628 -0.14777  0.17723
-0.66711 -0.15891  0.18172
-0.66790 -0.17004  0.18615
-0.66865 -0.18114  0.19052
-0.66934 -0.19219  0.19481
-0.66997 -0.20319  0.19903
-0.67053 -0.21411  0.20317
-0.67101 -0.22495  0.20723
-0.67140 -0.23569  0.21119
-0.67170 -0.24631  0.21507
-0.67190 -0.25682  0.21884
-0.67199 -0.26719  0.22251
-0.67198 -0.27742  0.22608
-0.67186 -0.28749  0.22954
-0.67163 -0.29739  0.23290
-0.67129 -0.30713  0.23614
-0.67083 -0.31669  0.23927
-0.67027 -0.32606  0.24230
-0.66961 -0.33524  0.24521
-0.66884 -0.34424  0.24801
-0.66798 -0.35304  0.25071
-0.66703 -0.36164  0.25330
-0.66599 -0.37006  0.25579
-0.66489 -0.37828  0.25819
-0.66372 -0.38631  0.26048
-0.66249 -0.39416  0.26269
-0.66122 -0.40183  0.26482
-0.65992 -0.40933  0.26687
-0.65860 -0.41666  0.26884
-0.65727 -0.42384  0.27075
-0.65595 -0.43087  0.27259
-0.65465 -0.43777  0.27439
-0.65337 -0.44453  0.27613
-0.65214 -0.45119  0.27784
-0.65097 -0.45773  0.27952
-0.64987 -0.46419  0.28117
-0.64885 -0.47056  0.28281
-0.64793 -0.47686  0.28443
-0.64712 -0.48311  0.28605
-0.64642 -0.48930  0.28767
-0.64585 -0.49545  0.28930
-0.64541 -0.50158  0.29094
-0.64512 -0.50768  0.29260
-0.64498 -0.51377  0.29428
-0.64500 -0.51985  0.29599
-0.64517 -0.52593  0.29772
-0.64551 -0.53200  0.29949
-0.64601 -0.53808  0.30129
-0.64667 -0.54416  0.30311
-0.64748 -0.55023  0.30498
-0.64845 -0.55630  0.30687
-0.64957 -0.56236  0.30878
-0.65082 -0.56841  0.31072
-0.65220 -0.57442  0.31268
-0.65370 -0.58040  0.31465
-0.65529 -0.58632  0.31663
-0.65697 -0.59217  0.31860
-0.65870 -0.59793  0.32057
-0.66048 -0.60358  0.32251
-0.66228 -0.60911  0.32442
-0.66408 -0.61448  0.32628
-0.66584 -0.61967  0.32809
-0.66754 -0.62465  0.32982
-0.66915 -0.62940  0.33147
-0.67064 -0.63388  0.33302
-0.67198 -0.63806  0.33444
-0.67312 -0.64191  0.33574
-0.67404 -0.64539  0.33688
-0.67470 -0.64847  0.33785
-0.67507 -0.65112  0.33863
-0.67510 -0.65329  0.33920
-0.67475 -0.65496  0.33955
-0.67399 -0.65609  0.33965
-0.67279 -0.65664  0.33948
-0.67109 -0.65657  0.33904
-0.66887 -0.65586  0.33830
-0.66609 -0.65447  0.33723
-0.66270 -0.65236  0.33583
-0.65868 -0.64951  0.33408
-0.65400 -0.64589  0.33196
-0.64861 -0.64146  0.32946
-0.64249 -0.63621  0.32656
-0.63561 -0.63012  0.32324
-0.62794 -0.62315  0.31951
-0.61946 -0.61529  0.31534
-0.61015 -0.60653  0.31072
-0.59999 -0.59685  0.30566
-0.58897 -0.58625  0.30013
-0.57706 -0.57470  0.29415
-0.56426 -0.56223  0.28769
-0.55058 -0.54881  0.28077
-0.53599 -0.53445  0.27338
-0.52051 -0.51917  0.26552
-0.50414 -0.50296  0.25720
-0.48688 -0.48584  0.24842
-0.46875 -0.46783  0.23919
-0.44977 -0.44895  0.22952
-0.42996 -0.42922  0.21942
-0.40933 -0.40866  0.20891
-0.38792 -0.38731  0.19798
-0.36575 -0.36519  0.18667
-0.34286 -0.34235  0.17499
-0.31928 -0.31882  0.16296
-0.29506 -0.29464  0.15060
-0.27024 -0.26986  0.13793
-0.24486 -0.24451  0.12498
-0.21897 -0.21866  0.11177
-0.19262 -0.19236  0.09832
-0.16587 -0.16564  0.08467
-0.13877 -0.13858  0.07083
-0.11137 -0.11122  0.05685
-0.08374 -0.08362  0.04274
-0.05593 -0.05585  0.02855
-0.02799 -0.02795  0.01429
-0.01400 -0.01398  0.00715
