      42
-0.000000 -0.000000 -0.000000
-0.149129 -0.649585 0.035391
-0.221235 -0.964237 0.222683
-0.227976 -0.951436 0.266613
-0.235302 -0.935349 0.313114
-0.243252 -0.915008 0.363144
-0.251823 -0.888835 0.418143
-0.260893 -0.854058 0.480422
-0.269993 -0.805275 0.554005
-0.277540 -0.730269 0.646501
-0.277836 -0.597702 0.770614
-0.258837 -0.373159 0.906665
-0.232360 -0.155180 0.974789
-0.212248 0.010010 0.991532
-0.197648 0.142063 0.984398
-0.186842 0.254118 0.963742
-0.178770 0.353062 0.933635
-0.172800 0.442730 0.895777
-0.168551 0.525371 0.850800
-0.165798 0.602310 0.798761
-0.164428 0.674265 0.739334
-0.164417 0.741500 0.671885
-0.165829 0.803874 0.595461
-0.168828 0.860815 0.508705
-0.173723 0.911197 0.409664
-0.181054 0.953030 0.295361
-0.191821 0.982671 0.160772
-0.208169 0.992438 -0.004213
-0.242026 0.897956 -0.404209
-0.361659 0.543530 -0.775928
-0.353396 0.132305 -0.941219
-0.319128 0.058737 -0.960725
-0.302698 0.050689 -0.966483
-0.289745 0.044818 -0.970734
-0.279518 0.040204 -0.973929
-0.271502 0.036373 -0.976345
-0.265335 0.033054 -0.978157
-0.260762 0.030075 -0.979482
-0.257607 0.027321 -0.980397
-0.277801 -0.081020 -0.971879
-0.164193 -0.223955 -0.606909
-0.000000 -0.000000 -0.000000
