     101
0.000000 0.000000 0.000000
-0.452659 0.000000 0.000000
-0.545367 0.000000 0.000000
-0.557156 0.000000 0.000000
-0.577612 0.000000 0.000000
-0.609137 0.000000 0.000000
-0.656003 0.000000 0.000000
-0.725820 0.000000 0.000000
-0.832378 0.000000 0.000000
-1.000000 0.000000 0.000000
-0.963653 0.000000 0.000000
-0.904098 0.000000 0.000000
-0.840383 0.000000 0.000000
-0.774214 0.000000 0.000000
-0.707338 0.000000 0.000000
-0.641549 0.000000 0.000000
-0.578553 0.000000 0.000000
-0.520027 0.000000 0.000000
-0.467510 0.000000 0.000000
-0.422366 0.000000 0.000000
-0.385811 0.000000 0.000000
-0.358781 0.000000 0.000000
-0.339404 0.000000 0.000000
-0.328090 0.000000 0.000000
-0.323993 0.000000 0.000000
-0.326875 0.000000 0.000000
-0.337554 0.000000 0.000000
-0.358024 0.000000 0.000000
-0.391988 0.000000 0.000000
-0.446101 0.000000 0.000000
-0.532345 0.000000 0.000000
-0.586724 0.000000 0.000000
-0.643666 0.000000 0.000000
-0.701288 0.000000 0.000000
-0.757470 0.000000 0.000000
-0.809950 0.000000 0.000000
-0.856475 0.000000 0.000000
-0.894760 0.000000 0.000000
-0.922583 0.000000 0.000000
-0.787213 0.000000 0.000000
-0.609009 0.000000 0.000000
-0.464675 0.000000 0.000000
-0.349490 0.000000 0.000000
-0.256418 0.000000 0.000000
-0.179277 0.000000 0.000000
-0.113335 0.000000 0.000000
-0.081902 0.000000 0.000000
0.411130 0.000000 0.000000
0.000000 0.000000 0.000000
0.000000 0.000000 0.000000
0.000000 0.000000 0.000000
0.000000 0.000000 0.000000
0.000000 0.000000 0.000000
0.000000 0.000000 0.000000
0.000000 0.000000 0.000000
0.000000 0.000000 0.000000
0.000000 0.000000 0.000000
0.000000 0.000000 0.000000
0.000000 0.000000 0.000000
0.000000 0.000000 0.000000
0.411130 0.000000 0.000000
0.609916 0.000000 0.000000
0.628500 0.000000 0.000000
0.648697 0.000000 0.000000
0.670616 0.000000 0.000000
0.694245 0.000000 0.000000
0.719249 0.000000 0.000000
0.744338 0.000000 0.000000
0.765143 0.000000 0.000000
0.765958 0.000000 0.000000
0.713582 0.000000 0.000000
0.640587 0.000000 0.000000
0.585140 0.000000 0.000000
0.544891 0.000000 0.000000
0.515100 0.000000 0.000000
0.492847 0.000000 0.000000
0.476389 0.000000 0.000000
0.464674 0.000000 0.000000
0.457085 0.000000 0.000000
0.453307 0.000000 0.000000
0.453277 0.000000 0.000000
0.457169 0.000000 0.000000
0.465438 0.000000 0.000000
0.478933 0.000000 0.000000
0.499142 0.000000 0.000000
0.528827 0.000000 0.000000
0.573895 0.000000 0.000000
0.667234 0.000000 0.000000
0.997047 0.000000 0.000000
0.974267 0.000000 0.000000
0.879795 0.000000 0.000000
0.834499 0.000000 0.000000
0.798790 0.000000 0.000000
0.770597 0.000000 0.000000
0.748497 0.000000 0.000000
0.731494 0.000000 0.000000
0.718887 0.000000 0.000000
0.710191 0.000000 0.000000
0.765862 0.000000 0.000000
0.452659 0.000000 0.000000
0.000000 0.000000 0.000000
