      49
0.000000 0.000000 0.000000
-0.164193 -0.223955 -0.606909
-0.197821 -0.296206 -0.949428
-0.202097 -0.296944 -0.948297
-0.209517 -0.298270 -0.946268
-0.220952 -0.300196 -0.943052
-0.237952 -0.302723 -0.938095
-0.263277 -0.305822 -0.930292
-0.301928 -0.309414 -0.917272
-0.362730 -0.313491 -0.893552
-0.349546 -0.343786 -0.770315
-0.327943 -0.378084 -0.629191
-0.304832 -0.413363 -0.478737
-0.280831 -0.448245 -0.321747
-0.256573 -0.481316 -0.161128
-0.232709 -0.511147 0.000161
-0.209858 -0.536340 0.159160
-0.188629 -0.555554 0.312974
-0.169580 -0.567539 0.458827
-0.153205 -0.571173 0.594114
-0.139945 -0.565480 0.716455
-0.130141 -0.549666 0.823740
-0.123112 -0.497707 0.874881
-0.119008 -0.437272 0.907147
-0.117522 -0.376703 0.934114
-0.118567 -0.315488 0.956397
-0.122441 -0.252930 0.974330
-0.129866 -0.188098 0.987947
-0.142186 -0.119701 0.996865
-0.161814 -0.045844 1.000000
-0.193097 0.036465 0.994821
-0.212822 0.142092 0.925354
-0.233477 0.252677 0.840390
-0.254378 0.366557 0.742052
-0.274757 0.481988 0.632589
-0.293793 0.597124 0.514454
-0.310669 0.710075 0.390244
-0.324556 0.818923 0.262658
-0.334648 0.921767 0.134429
-0.285545 0.972625 0.027380
-0.220906 0.988179 -0.054660
-0.168551 0.992505 -0.121694
-0.126771 0.990268 -0.177718
-0.093010 0.984226 -0.225684
-0.065029 0.975922 -0.267641
-0.041110 0.966212 -0.305009
-0.029708 0.974712 -0.278099
0.149129 0.649585 -0.035391
0.000000 0.000000 0.000000
