     101
0.000000 0.000000 0.000000
0.000000 0.380469 0.380469
0.000000 0.650725 0.760938
0.000000 0.589970 0.808953
0.000000 0.587270 0.810916
0.000000 0.583365 0.813729
0.000000 0.578003 0.817547
0.000000 0.570792 0.822598
0.000000 0.561119 0.829226
0.000000 0.548009 0.837948
0.000000 0.529847 0.849548
0.000000 0.503856 0.865216
0.000000 0.465139 0.886632
0.000000 0.405492 0.915449
0.000000 0.326723 0.917108
0.000000 0.250014 0.875456
0.000000 0.169587 0.830535
0.000000 0.086112 0.782501
0.000000 0.000287 0.731525
0.000000 -0.087166 0.677785
0.000000 -0.175511 0.621471
0.000000 -0.263995 0.562783
0.000000 -0.351863 0.501928
0.000000 -0.438356 0.439125
0.000000 -0.522723 0.374596
0.000000 -0.604222 0.308573
0.000000 -0.682131 0.241293
0.000000 -0.755748 0.172998
0.000000 -0.824400 0.103936
0.000000 -0.887447 0.034356
0.000000 -0.944289 -0.035487
0.000000 -0.994368 -0.105339
0.000000 -0.981373 -0.198438
0.000000 -0.959716 -0.285333
0.000000 -0.932896 -0.363560
0.000000 -0.903281 -0.431919
0.000000 -0.873044 -0.490168
0.000000 -0.843757 -0.539021
0.000000 -0.816255 -0.579826
0.000000 -0.790762 -0.614138
0.000000 -0.767118 -0.643429
0.000000 -0.744965 -0.668952
0.000000 -0.723867 -0.691728
0.000000 -0.703354 -0.712575
0.000000 -0.682947 -0.732157
0.000000 -0.662140 -0.751027
0.000000 -0.650725 -0.760938
0.000000 -0.380469 -0.380469
0.000000 0.000000 0.000000
0.000000 0.000000 0.000000
0.000000 0.000000 0.000000
0.000000 0.000000 0.000000
0.000000 0.000000 0.000000
0.000000 0.000000 0.000000
0.000000 0.000000 0.000000
0.000000 0.000000 0.000000
0.000000 0.000000 0.000000
0.000000 0.000000 0.000000
0.000000 0.000000 0.000000
0.000000 0.000000 0.000000
0.000000 -0.380469 -0.380469
0.000000 -0.650725 -0.760938
0.000000 -0.498561 -0.868278
0.000000 -0.488925 -0.873741
0.000000 -0.478354 -0.879573
0.000000 -0.466700 -0.885811
0.000000 -0.453781 -0.892498
0.000000 -0.439376 -0.899677
0.000000 -0.423206 -0.907396
0.000000 -0.404921 -0.915702
0.000000 -0.384068 -0.924642
0.000000 -0.360055 -0.934254
0.000000 -0.332089 -0.944557
0.000000 -0.299072 -0.955524
0.000000 -0.259434 -0.967039
0.000000 -0.210806 -0.978791
0.000000 -0.149350 -0.990033
0.000000 0.049702 -1.000000
0.000000 0.430171 -0.904114
0.000000 0.810640 -0.587650
0.000000 0.979564 -0.207181
0.000000 0.986124 0.173288
0.000000 0.955636 0.298716
0.000000 0.942922 0.336701
0.000000 0.932109 0.365572
0.000000 0.922884 0.388274
0.000000 0.914983 0.406542
0.000000 0.908195 0.421487
0.000000 0.902353 0.433854
0.000000 0.897323 0.444164
0.000000 0.892998 0.452796
0.000000 0.889294 0.460028
0.000000 0.886143 0.466069
0.000000 0.883490 0.471079
0.000000 0.881292 0.475178
0.000000 0.879515 0.478460
0.000000 0.878131 0.480995
0.000000 0.877122 0.482833
0.000000 0.760938 0.650725
0.000000 0.380469 0.380469
0.000000 0.000000 0.000000
