      49
0.000000 0.000000 0.000000
0.000000 0.380469 0.380469
0.000000 0.650725 0.760938
0.000000 0.589970 0.808953
0.000000 0.587270 0.810916
0.000000 0.583365 0.813729
0.000000 0.578003 0.817547
0.000000 0.570792 0.822598
0.000000 0.561119 0.829226
0.000000 0.548009 0.837948
0.000000 0.529847 0.849548
0.000000 0.503856 0.865216
0.000000 0.465139 0.886632
0.000000 0.405492 0.915449
0.000000 0.326723 0.917108
0.000000 0.250014 0.875456
0.000000 0.169587 0.830535
0.000000 0.086112 0.782501
0.000000 0.000287 0.731525
0.000000 -0.087166 0.677785
0.000000 -0.175511 0.621471
0.000000 -0.263995 0.562783
0.000000 -0.351863 0.501928
0.000000 -0.438356 0.439125
0.000000 -0.522723 0.374596
0.000000 -0.604222 0.308573
0.000000 -0.682131 0.241293
0.000000 -0.755748 0.172998
0.000000 -0.824400 0.103936
0.000000 -0.887447 0.034356
0.000000 -0.944289 -0.035487
0.000000 -0.994368 -0.105339
0.000000 -0.981373 -0.198438
0.000000 -0.959716 -0.285333
0.000000 -0.932896 -0.363560
0.000000 -0.903281 -0.431919
0.000000 -0.873044 -0.490168
0.000000 -0.843757 -0.539021
0.000000 -0.816255 -0.579826
0.000000 -0.790762 -0.614138
0.000000 -0.767118 -0.643429
0.000000 -0.744965 -0.668952
0.000000 -0.723867 -0.691728
0.000000 -0.703354 -0.712575
0.000000 -0.682947 -0.732157
0.000000 -0.662140 -0.751027
0.000000 -0.650725 -0.760938
0.000000 -0.380469 -0.380469
0.000000 0.000000 0.000000
