      49
0.000000 0.000000 0.000000
-0.452659 0.000000 0.000000
-0.545367 0.000000 0.000000
-0.557156 0.000000 0.000000
-0.577612 0.000000 0.000000
-0.609137 0.000000 0.000000
-0.656003 0.000000 0.000000
-0.725820 0.000000 0.000000
-0.832378 0.000000 0.000000
-1.000000 0.000000 0.000000
-0.963653 0.000000 0.000000
-0.904098 0.000000 0.000000
-0.840383 0.000000 0.000000
-0.774214 0.000000 0.000000
-0.707338 0.000000 0.000000
-0.641549 0.000000 0.000000
-0.578553 0.000000 0.000000
-0.520027 0.000000 0.000000
-0.467510 0.000000 0.000000
-0.422366 0.000000 0.000000
-0.385811 0.000000 0.000000
-0.358781 0.000000 0.000000
-0.339404 0.000000 0.000000
-0.328090 0.000000 0.000000
-0.323993 0.000000 0.000000
-0.326875 0.000000 0.000000
-0.337554 0.000000 0.000000
-0.358024 0.000000 0.000000
-0.391988 0.000000 0.000000
-0.446101 0.000000 0.000000
-0.532345 0.000000 0.000000
-0.586724 0.000000 0.000000
-0.643666 0.000000 0.000000
-0.701288 0.000000 0.000000
-0.757470 0.000000 0.000000
-0.809950 0.000000 0.000000
-0.856475 0.000000 0.000000
-0.894760 0.000000 0.000000
-0.922583 0.000000 0.000000
-0.787213 0.000000 0.000000
-0.609009 0.000000 0.000000
-0.464675 0.000000 0.000000
-0.349490 0.000000 0.000000
-0.256418 0.000000 0.000000
-0.179277 0.000000 0.000000
-0.113335 0.000000 0.000000
-0.081902 0.000000 0.000000
0.411130 0.000000 0.000000
0.000000 0.000000 0.000000
