     101
0.000000 0.000000 0.000000
-0.164193 -0.223955 -0.606909
-0.197821 -0.296206 -0.949428
-0.202097 -0.296944 -0.948297
-0.209517 -0.298270 -0.946268
-0.220952 -0.300196 -0.943052
-0.237952 -0.302723 -0.938095
-0.263277 -0.305822 -0.930292
-0.301928 -0.309414 -0.917272
-0.362730 -0.313491 -0.893552
-0.349546 -0.343786 -0.770315
-0.327943 -0.378084 -0.629191
-0.304832 -0.413363 -0.478737
-0.280831 -0.448245 -0.321747
-0.256573 -0.481316 -0.161128
-0.232709 -0.511147 0.000161
-0.209858 -0.536340 0.159160
-0.188629 -0.555554 0.312974
-0.169580 -0.567539 0.458827
-0.153205 -0.571173 0.594114
-0.139945 -0.565480 0.716455
-0.130141 -0.549666 0.823740
-0.123112 -0.497707 0.874881
-0.119008 -0.437272 0.907147
-0.117522 -0.376703 0.934114
-0.118567 -0.315488 0.956397
-0.122441 -0.252930 0.974330
-0.129866 -0.188098 0.987947
-0.142186 -0.119701 0.996865
-0.161814 -0.045844 1.000000
-0.193097 0.036465 0.994821
-0.212822 0.142092 0.925354
-0.233477 0.252677 0.840390
-0.254378 0.366557 0.742052
-0.274757 0.481988 0.632589
-0.293793 0.597124 0.514454
-0.310669 0.710075 0.390244
-0.324556 0.818923 0.262658
-0.334648 0.921767 0.134429
-0.285545 0.972625 0.027380
-0.220906 0.988179 -0.054660
-0.168551 0.992505 -0.121694
-0.126771 0.990268 -0.177718
-0.093010 0.984226 -0.225684
-0.065029 0.975922 -0.267641
-0.041110 0.966212 -0.305009
-0.029708 0.974712 -0.278099
0.149129 0.649585 -0.035391
0.000000 0.000000 0.000000
0.000000 0.000000 0.000000
0.000000 0.000000 0.000000
0.000000 0.000000 0.000000
0.000000 0.000000 0.000000
0.000000 0.000000 0.000000
0.000000 0.000000 0.000000
0.000000 0.000000 0.000000
0.000000 0.000000 0.000000
0.000000 0.000000 0.000000
0.000000 0.000000 0.000000
0.000000 0.000000 0.000000
0.149129 0.649585 -0.035391
0.221235 0.964237 -0.222683
0.227976 0.951436 -0.266613
0.235302 0.935349 -0.313114
0.243252 0.915008 -0.363144
0.251823 0.888835 -0.418143
0.260893 0.854058 -0.480422
0.269993 0.805275 -0.554005
0.277540 0.730269 -0.646501
0.277836 0.597702 -0.770614
0.258837 0.373159 -0.906665
0.232360 0.155180 -0.974789
0.212248 -0.010010 -0.991532
0.197648 -0.142063 -0.984398
0.186842 -0.254118 -0.963742
0.178770 -0.353062 -0.933635
0.172800 -0.442730 -0.895777
0.168551 -0.525371 -0.850800
0.165798 -0.602310 -0.798761
0.164428 -0.674265 -0.739334
0.164417 -0.741500 -0.671885
0.165829 -0.803874 -0.595461
0.168828 -0.860815 -0.508705
0.173723 -0.911197 -0.409664
0.181054 -0.953030 -0.295361
0.191821 -0.982671 -0.160772
0.208169 -0.992438 0.004213
0.242026 -0.897956 0.404209
0.361659 -0.543530 0.775928
0.353396 -0.132305 0.941219
0.319128 -0.058737 0.960725
0.302698 -0.050689 0.966483
0.289745 -0.044818 0.970734
0.279518 -0.040204 0.973929
0.271502 -0.036373 0.976345
0.265335 -0.033054 0.978157
0.260762 -0.030075 0.979482
0.257607 -0.027321 0.980397
0.277801 0.081020 0.971879
0.164193 0.223955 0.606909
0.000000 0.000000 0.000000
