      42
-0.000000 -0.000000 -0.000000
-0.000000 0.380469 0.380469
-0.000000 0.650725 0.760938
-0.000000 0.498561 0.868278
-0.000000 0.488925 0.873741
-0.000000 0.478354 0.879573
-0.000000 0.466700 0.885811
-0.000000 0.453781 0.892498
-0.000000 0.439376 0.899677
-0.000000 0.423206 0.907396
-0.000000 0.404921 0.915702
-0.000000 0.384068 0.924642
-0.000000 0.360055 0.934254
-0.000000 0.332089 0.944557
-0.000000 0.299072 0.955524
-0.000000 0.259434 0.967039
-0.000000 0.210806 0.978791
-0.000000 0.149350 0.990033
-0.000000 -0.049702 1.000000
-0.000000 -0.430171 0.904114
-0.000000 -0.810640 0.587650
-0.000000 -0.979564 0.207181
-0.000000 -0.986124 -0.173288
-0.000000 -0.955636 -0.298716
-0.000000 -0.942922 -0.336701
-0.000000 -0.932109 -0.365572
-0.000000 -0.922884 -0.388274
-0.000000 -0.914983 -0.406542
-0.000000 -0.908195 -0.421487
-0.000000 -0.902353 -0.433854
-0.000000 -0.897323 -0.444164
-0.000000 -0.892998 -0.452796
-0.000000 -0.889294 -0.460028
-0.000000 -0.886143 -0.466069
-0.000000 -0.883490 -0.471079
-0.000000 -0.881292 -0.475178
-0.000000 -0.879515 -0.478460
-0.000000 -0.878131 -0.480995
-0.000000 -0.877122 -0.482833
-0.000000 -0.760938 -0.650725
-0.000000 -0.380469 -0.380469
-0.000000 -0.000000 -0.000000
