      42
-0.000000 -0.000000 -0.000000
-0.411130 -0.000000 -0.000000
-0.609916 -0.000000 -0.000000
-0.628500 -0.000000 -0.000000
-0.648697 -0.000000 -0.000000
-0.670616 -0.000000 -0.000000
-0.694245 -0.000000 -0.000000
-0.719249 -0.000000 -0.000000
-0.744338 -0.000000 -0.000000
-0.765143 -0.000000 -0.000000
-0.765958 -0.000000 -0.000000
-0.713582 -0.000000 -0.000000
-0.640587 -0.000000 -0.000000
-0.585140 -0.000000 -0.000000
-0.544891 -0.000000 -0.000000
-0.515100 -0.000000 -0.000000
-0.492847 -0.000000 -0.000000
-0.476389 -0.000000 -0.000000
-0.464674 -0.000000 -0.000000
-0.457085 -0.000000 -0.000000
-0.453307 -0.000000 -0.000000
-0.453277 -0.000000 -0.000000
-0.457169 -0.000000 -0.000000
-0.465438 -0.000000 -0.000000
-0.478933 -0.000000 -0.000000
-0.499142 -0.000000 -0.000000
-0.528827 -0.000000 -0.000000
-0.573895 -0.000000 -0.000000
-0.667234 -0.000000 -0.000000
-0.997047 -0.000000 -0.000000
-0.974267 -0.000000 -0.000000
-0.879795 -0.000000 -0.000000
-0.834499 -0.000000 -0.000000
-0.798790 -0.000000 -0.000000
-0.770597 -0.000000 -0.000000
-0.748497 -0.000000 -0.000000
-0.731494 -0.000000 -0.000000
-0.718887 -0.000000 -0.000000
-0.710191 -0.000000 -0.000000
-0.765862 -0.000000 -0.000000
-0.452659 -0.000000 -0.000000
-0.000000 -0.000000 -0.000000
