     101
 0.00000  0.00000  0.00000
 1.00000  1.00000  0.56967
 1.00000  1.00000  0.57026
 1.00000  1.00000  0.57145
 1.00000  1.00000  0.57322
 0.98960  1.00000  0.57558
 0.97443  1.00000  0.57850
 0.95627  1.00000  0.58198
 0.93515  1.00000  0.58597
 0.91111  1.00000  0.59046
 0.88420  1.00000  0.59541
 0.85446  1.00000  0.60079
 0.82195  1.00000  0.60656
 0.78673  1.00000  0.61266
 0.74886  1.00000  0.61907
 0.70842  1.00000  0.62572
 0.66547  1.00000  0.63257
 0.62009  1.00000  0.63957
 0.57238  1.00000  0.64664
 0.52241  1.00000  0.65375
 0.47028  1.00000  0.66082
 0.41608  1.00000  0.66779
 0.35990  1.00000  0.67460
 0.30187  1.00000  0.68119
 0.24207  1.00000  0.68748
 0.18062  1.00000  0.69342
 0.11762  1.00000  0.69893
 0.05320  1.00000  0.70395
-0.01253  1.00000  0.70841
-0.07944  1.00000  0.71225
-0.14743  1.00000  0.71539
-0.21637  0.97245  0.71779
-0.28609  0.90225  0.71933
-0.35638  0.83103  0.71985
-0.42700  0.75900  0.71920
-0.49775  0.68638  0.71721
-0.56839  0.61337  0.71373
-0.63870  0.54020  0.70862
-0.70846  0.46707  0.70171
-0.77743  0.39420  0.69288
-0.84541  0.32180  0.68199
-0.91218  0.25007  0.66891
-0.97751  0.17922  0.65352
-1.00000  0.10946  0.63571
-1.00000  0.04091  0.61542
-1.00000 -0.02629  0.59260
-1.00000 -0.09204  0.56724
-1.00000 -0.15623  0.53930
-1.00000 -0.21876  0.50877
-1.00000 -0.27953  0.47566
-1.00000 -0.33843  0.43997
-1.00000 -0.39538  0.40172
-1.00000 -0.45029  0.36094
-1.00000 -0.50307  0.31767
-1.00000 -0.55364  0.27196
-1.00000 -0.60193  0.22387
-1.00000 -0.64787  0.17346
-1.00000 -0.69139  0.12082
-1.00000 -0.73243  0.06604
-1.00000 -0.77093  0.00922
-1.00000 -0.80685 -0.04954
-1.00000 -0.84014 -0.11012
-1.00000 -0.87076 -0.17238
-1.00000 -0.89867 -0.23620
-1.00000 -0.92384 -0.30143
-1.00000 -0.94625 -0.36792
-1.00000 -0.96588 -0.43551
-1.00000 -0.98271 -0.50402
-1.00000 -0.99674 -0.57330
-1.00000 -1.00000 -0.64316
-1.00000 -1.00000 -0.71339
-1.00000 -1.00000 -0.78381
-1.00000 -1.00000 -0.85420
-1.00000 -1.00000 -0.92437
-1.00000 -1.00000 -0.99410
-1.00000 -1.00000 -1.00000
-1.00000 -1.00000 -1.00000
-1.00000 -0.99887 -1.00000
-1.00000 -0.98560 -1.00000
-1.00000 -0.96966 -1.00000
-1.00000 -0.95109 -1.00000
-1.00000 -0.92992 -1.00000
-1.00000 -0.90618 -1.00000
-1.00000 -0.87993 -1.00000
-1.00000 -0.85120 -1.00000
-1.00000 -0.82004 -1.00000
-1.00000 -0.78652 -1.00000
-1.00000 -0.75068 -1.00000
-1.00000 -0.71260 -1.00000
-1.00000 -0.67234 -1.00000
-1.00000 -0.62997 -1.00000
-1.00000 -0.58556 -1.00000
-0.98693 -0.53920 -1.00000
-0.91651 -0.49097 -1.00000
-0.84397 -0.44106 -1.00000
-0.76951 -0.38964 -1.00000
-0.69332 -0.33688 -1.00000
-0.61561 -0.28299 -1.00000
-0.53660 -0.22814 -1.00000
-0.45651 -0.17253 -1.00000
 0.00000  0.00000  0.00000
