    1002
 0.00000  0.00000  0.00000
 0.01668  0.01667 -0.00822
 0.03334  0.03331 -0.01642
 0.06658  0.06650 -0.03279
 0.09960  0.09949 -0.04906
 0.13230  0.13216 -0.06517
 0.16459  0.16441 -0.08107
 0.19635  0.19613 -0.09672
 0.22750  0.22725 -0.11206
 0.25794  0.25766 -0.12706
 0.28758  0.28728 -0.14166
 0.31636  0.31603 -0.15584
 0.34419  0.34383 -0.16955
 0.37100  0.37063 -0.18276
 0.39674  0.39637 -0.19544
 0.42135  0.42098 -0.20757
 0.44478  0.44443 -0.21912
 0.46700  0.46669 -0.23008
 0.48798  0.48772 -0.24044
 0.50769  0.50751 -0.25017
 0.52613  0.52604 -0.25928
 0.54327  0.54332 -0.26777
 0.55913  0.55935 -0.27562
 0.57371  0.57415 -0.28286
 0.58703  0.58772 -0.28949
 0.59910  0.60010 -0.29551
 0.60996  0.61132 -0.30096
 0.61963  0.62142 -0.30583
 0.62816  0.63045 -0.31016
 0.63559  0.63845 -0.31396
 0.64197  0.64546 -0.31726
 0.64734  0.65156 -0.32008
 0.65176  0.65680 -0.32246
 0.65529  0.66123 -0.32442
 0.65798  0.66492 -0.32600
 0.65989  0.66794 -0.32721
 0.66108  0.67034 -0.32809
 0.66161  0.67218 -0.32868
 0.66154  0.67354 -0.32899
 0.66092  0.67446 -0.32907
 0.65981  0.67501 -0.32893
 0.65826  0.67525 -0.32860
 0.65632  0.67522 -0.32811
 0.65405  0.67498 -0.32748
 0.65147  0.67457 -0.32674
 0.64864  0.67404 -0.32590
 0.64558  0.67342 -0.32499
 0.64234  0.67276 -0.32402
 0.63894  0.67207 -0.32300
 0.63541  0.67140 -0.32195
 0.63176  0.67077 -0.32087
 0.62802  0.67018 -0.31979
 0.62419  0.66967 -0.31869
 0.62029  0.66923 -0.31760
 0.61632  0.66889 -0.31651
 0.61229  0.66864 -0.31542
 0.60820  0.66849 -0.31434
 0.60404  0.66844 -0.31326
 0.59980  0.66848 -0.31218
 0.59549  0.66861 -0.31110
 0.59109  0.66882 -0.31001
 0.58659  0.66911 -0.30891
 0.58198  0.66946 -0.30779
 0.57726  0.66987 -0.30664
 0.57240  0.67032 -0.30547
 0.56740  0.67080 -0.30426
 0.56224  0.67129 -0.30301
 0.55692  0.67180 -0.30171
 0.55141  0.67230 -0.30036
 0.54572  0.67279 -0.29894
 0.53984  0.67326 -0.29746
 0.53375  0.67369 -0.29591
 0.52746  0.67408 -0.29428
 0.52096  0.67443 -0.29258
 0.51424  0.67472 -0.29080
 0.50730  0.67496 -0.28894
 0.50015  0.67514 -0.28699
 0.49279  0.67527 -0.28496
 0.48522  0.67533 -0.28285
 0.47745  0.67534 -0.28065
 0.46948  0.67529 -0.27837
 0.46132  0.67519 -0.27601
 0.45298  0.67505 -0.27358
 0.44447  0.67486 -0.27107
 0.43580  0.67464 -0.26849
 0.42698  0.67439 -0.26585
 0.41801  0.67412 -0.26314
 0.40892  0.67383 -0.26036
 0.39971  0.67354 -0.25754
 0.39039  0.67325 -0.25465
 0.38098  0.67296 -0.25172
 0.37147  0.67269 -0.24874
 0.36189  0.67244 -0.24572
 0.35225  0.67222 -0.24266
 0.34254  0.67202 -0.23956
 0.33278  0.67186 -0.23642
 0.32297  0.67174 -0.23325
 0.31312  0.67166 -0.23004
 0.30324  0.67162 -0.22680
 0.29332  0.67163 -0.22352
 0.28337  0.67168 -0.22021
 0.27339  0.67176 -0.21687
 0.26339  0.67189 -0.21349
 0.25336  0.67206 -0.21007
 0.24330  0.67225 -0.20661
 0.23322  0.67247 -0.20312
 0.22311  0.67272 -0.19958
 0.21298  0.67298 -0.19599
 0.20281  0.67326 -0.19236
 0.19262  0.67353 -0.18867
 0.18239  0.67381 -0.18494
 0.17213  0.67408 -0.18114
 0.16183  0.67434 -0.17729
 0.15150  0.67458 -0.17338
 0.14114  0.67479 -0.16940
 0.13075  0.67497 -0.16536
 0.12032  0.67512 -0.16126
 0.10986  0.67523 -0.15709
 0.09938  0.67530 -0.15285
 0.08886  0.67532 -0.14854
 0.07833  0.67530 -0.14417
 0.06778  0.67524 -0.13973
 0.05722  0.67513 -0.13522
 0.04665  0.67498 -0.13065
 0.03607  0.67479 -0.12602
 0.02551  0.67456 -0.12132
 0.01495  0.67430 -0.11656
 0.00441  0.67401 -0.11175
-0.00611  0.67369 -0.10688
-0.01659  0.67336 -0.10197
-0.02703  0.67302 -0.09700
-0.03744  0.67268 -0.09199
-0.04778  0.67234 -0.08693
-0.05808  0.67201 -0.08183
-0.06830  0.67170 -0.07670
-0.07846  0.67141 -0.07153
-0.08855  0.67115 -0.06633
-0.09856  0.67094 -0.06109
-0.10850  0.67076 -0.05582
-0.11835  0.67064 -0.05053
-0.12812  0.67057 -0.04521
-0.13780  0.67055 -0.03985
-0.14740  0.67059 -0.03447
-0.15692  0.67069 -0.02906
-0.16637  0.67085 -0.02361
-0.17573  0.67106 -0.01813
-0.18503  0.67132 -0.01262
-0.19426  0.67163 -0.00706
-0.20342  0.67199 -0.00146
-0.21253  0.67237  0.00419
-0.22159  0.67278  0.00988
-0.23060  0.67320  0.01564
-0.23958  0.67363  0.02146
-0.24853  0.67403  0.02735
-0.25745  0.67442  0.03331
-0.26637  0.67475  0.03935
-0.27527  0.67503  0.04547
-0.28418  0.67522  0.05169
-0.29309  0.67532  0.05800
-0.30202  0.67530  0.06441
-0.31097  0.67514  0.07094
-0.31994  0.67482  0.07757
-0.32893  0.67432  0.08433
-0.33796  0.67361  0.09120
-0.34703  0.67268  0.09821
-0.35613  0.67151  0.10534
-0.36527  0.67006  0.11260
-0.37444  0.66833  0.12000
-0.38365  0.66630  0.12754
-0.39290  0.66394  0.13521
-0.40217  0.66123  0.14302
-0.41146  0.65816  0.15096
-0.42078  0.65471  0.15904
-0.43010  0.65087  0.16725
-0.43943  0.64663  0.17558
-0.44876  0.64197  0.18404
-0.45806  0.63688  0.19262
-0.46734  0.63135  0.20130
-0.47659  0.62538  0.21010
-0.48578  0.61897  0.21898
-0.49490  0.61210  0.22796
-0.50395  0.60478  0.23702
-0.51291  0.59701  0.24615
-0.52175  0.58879  0.25533
-0.53048  0.58012  0.26456
-0.53907  0.57103  0.27383
-0.54750  0.56150  0.28313
-0.55577  0.55156  0.29243
-0.56386  0.54121  0.30174
-0.57174  0.53048  0.31103
-0.57941  0.51937  0.32029
-0.58686  0.50791  0.32952
-0.59406  0.49611  0.33869
-0.60101  0.48401  0.34779
-0.60769  0.47162  0.35681
-0.61409  0.45896  0.36575
-0.62020  0.44607  0.37457
-0.62602  0.43297  0.38328
-0.63152  0.41969  0.39186
-0.63671  0.40626  0.40031
-0.64157  0.39272  0.40860
-0.64611  0.37908  0.41673
-0.65032  0.36539  0.42469
-0.65418  0.35167  0.43248
-0.65772  0.33797  0.44008
-0.66091  0.32430  0.44750
-0.66377  0.31070  0.45472
-0.66629  0.29721  0.46173
-0.66848  0.28385  0.46855
-0.67034  0.27066  0.47516
-0.67188  0.25766  0.48156
-0.67311  0.24488  0.48776
-0.67403  0.23235  0.49375
-0.67466  0.22008  0.49953
-0.67500  0.20811  0.50512
-0.67506  0.19645  0.51051
-0.67485  0.18512  0.51570
-0.67440  0.17414  0.52071
-0.67371  0.16352  0.52554
-0.67279  0.15327  0.53019
-0.67166  0.14340  0.53468
-0.67033  0.13391  0.53902
-0.66882  0.12481  0.54320
-0.66713  0.11609  0.54725
-0.66530  0.10776  0.55117
-0.66332  0.09980  0.55497
-0.66122  0.09221  0.55866
-0.65900  0.08497  0.56225
-0.65669  0.07807  0.56575
-0.65428  0.07150  0.56918
-0.65180  0.06523  0.57253
-0.64925  0.05924  0.57582
-0.64664  0.05352  0.57906
-0.64399  0.04803  0.58225
-0.64129  0.04274  0.58540
-0.63857  0.03764  0.58852
-0.63582  0.03269  0.59162
-0.63304  0.02786  0.59469
-0.63025  0.02312  0.59774
-0.62744  0.01845  0.60078
-0.62462  0.01381  0.60381
-0.62179  0.00917  0.60682
-0.61894  0.00451  0.60982
-0.61608 -0.00020  0.61280
-0.61320 -0.00499  0.61578
-0.61031 -0.00987  0.61873
-0.60739 -0.01489  0.62166
-0.60444 -0.02004  0.62457
-0.60146 -0.02536  0.62744
-0.59845 -0.03085  0.63028
-0.59539 -0.03652  0.63308
-0.59228 -0.04240  0.63583
-0.58913 -0.04848  0.63853
-0.58591 -0.05477  0.64117
-0.58263 -0.06126  0.64374
-0.57928 -0.06797  0.64623
-0.57585 -0.07488  0.64864
-0.57234 -0.08198  0.65097
-0.56875 -0.08927  0.65320
-0.56508 -0.09673  0.65533
-0.56131 -0.10435  0.65736
-0.55745 -0.11212  0.65928
-0.55350 -0.12000  0.66109
-0.54945 -0.12799  0.66279
-0.54531 -0.13605  0.66436
-0.54108 -0.14418  0.66582
-0.53676 -0.15234  0.66717
-0.53234 -0.16051  0.66839
-0.52784 -0.16866  0.66950
-0.52326 -0.17678  0.67050
-0.51860 -0.18484  0.67138
-0.51387 -0.19281  0.67216
-0.50908 -0.20067  0.67283
-0.50422 -0.20841  0.67341
-0.49931 -0.21600  0.67390
-0.49435 -0.22343  0.67430
-0.48935 -0.23068  0.67463
-0.48431 -0.23774  0.67488
-0.47925 -0.24459  0.67507
-0.47417 -0.25122  0.67520
-0.46907 -0.25763  0.67529
-0.46397 -0.26382  0.67533
-0.45886 -0.26977  0.67534
-0.45376 -0.27550  0.67532
-0.44866 -0.28100  0.67528
-0.44358 -0.28627  0.67523
-0.43852 -0.29132  0.67516
-0.43347 -0.29616  0.67510
-0.42845 -0.30080  0.67503
-0.42346 -0.30525  0.67496
-0.41849 -0.30951  0.67490
-0.41355 -0.31361  0.67485
-0.40864 -0.31756  0.67481
-0.40375 -0.32137  0.67478
-0.39890 -0.32505  0.67477
-0.39406 -0.32862  0.67476
-0.38926 -0.33210  0.67477
-0.38447 -0.33549  0.67478
-0.37971 -0.33882  0.67481
-0.37497 -0.34210  0.67484
-0.37024 -0.34533  0.67487
-0.36552 -0.34853  0.67491
-0.36082 -0.35171  0.67494
-0.35612 -0.35488  0.67497
-0.35144 -0.35805  0.67500
-0.34675 -0.36122  0.67502
-0.34207 -0.36440  0.67502
-0.33738 -0.36758  0.67502
-0.33270 -0.37078  0.67500
-0.32801 -0.37399  0.67496
-0.32332 -0.37722  0.67491
-0.31863 -0.38046  0.67485
-0.31394 -0.38370  0.67477
-0.30924 -0.38695  0.67468
-0.30454 -0.39020  0.67457
-0.29984 -0.39345  0.67446
-0.29514 -0.39669  0.67434
-0.29045 -0.39991  0.67421
-0.28575 -0.40312  0.67408
-0.28106 -0.40629  0.67395
-0.27638 -0.40944  0.67382
-0.27171 -0.41256  0.67370
-0.26705 -0.41563  0.67359
-0.26239 -0.41867  0.67350
-0.25776 -0.42166  0.67343
-0.25313 -0.42461  0.67337
-0.24852 -0.42751  0.67334
-0.24393 -0.43037  0.67334
-0.23935 -0.43319  0.67335
-0.23478 -0.43598  0.67340
-0.23022 -0.43873  0.67347
-0.22568 -0.44145  0.67357
-0.22114 -0.44415  0.67368
-0.21661 -0.44685  0.67382
-0.21207 -0.44954  0.67397
-0.20754 -0.45224  0.67413
-0.20299 -0.45496  0.67429
-0.19843 -0.45772  0.67444
-0.19386 -0.46051  0.67458
-0.18925 -0.46337  0.67470
-0.18462 -0.46629  0.67478
-0.17995 -0.46928  0.67482
-0.17523 -0.47238  0.67480
-0.17046 -0.47557  0.67470
-0.16563 -0.47887  0.67453
-0.16073 -0.48230  0.67425
-0.15576 -0.48586  0.67387
-0.15072 -0.48956  0.67336
-0.14559 -0.49340  0.67271
-0.14036 -0.49739  0.67191
-0.13505 -0.50153  0.67095
-0.12963 -0.50582  0.66980
-0.12412 -0.51026  0.66847
-0.11850 -0.51485  0.66695
-0.11277 -0.51959  0.66521
-0.10694 -0.52446  0.66326
-0.10100 -0.52946  0.66109
-0.09495 -0.53458  0.65869
-0.08880 -0.53980  0.65605
-0.08255 -0.54512  0.65319
-0.07621 -0.55052  0.65010
-0.06978 -0.55599  0.64677
-0.06326 -0.56150  0.64322
-0.05666 -0.56704  0.63945
-0.05000 -0.57259  0.63547
-0.04328 -0.57814  0.63128
-0.03650 -0.58365  0.62689
-0.02968 -0.58912  0.62233
-0.02283 -0.59452  0.61760
-0.01596 -0.59984  0.61271
-0.00907 -0.60505  0.60769
-0.00219 -0.61015  0.60254
 0.00469 -0.61510  0.59730
 0.01154 -0.61990  0.59197
 0.01837 -0.62453  0.58657
 0.02515 -0.62898  0.58113
 0.03188 -0.63323  0.57566
 0.03856 -0.63729  0.57018
 0.04517 -0.64113  0.56471
 0.05170 -0.64475  0.55927
 0.05815 -0.64814  0.55387
 0.06452 -0.65132  0.54853
 0.07080 -0.65426  0.54326
 0.07698 -0.65698  0.53808
 0.08306 -0.65947  0.53300
 0.08904 -0.66174  0.52803
 0.09492 -0.66379  0.52318
 0.10069 -0.66564  0.51845
 0.10637 -0.66728  0.51385
 0.11194 -0.66873  0.50939
 0.11742 -0.66999  0.50506
 0.12281 -0.67109  0.50088
 0.12810 -0.67202  0.49682
 0.13331 -0.67281  0.49291
 0.13843 -0.67346  0.48912
 0.14348 -0.67399  0.48545
 0.14846 -0.67441  0.48191
 0.15337 -0.67473  0.47847
 0.15823 -0.67497  0.47514
 0.16303 -0.67513  0.47189
 0.16779 -0.67523  0.46874
 0.17250 -0.67528  0.46565
 0.17719 -0.67529  0.46263
 0.18184 -0.67527  0.45966
 0.18647 -0.67523  0.45673
 0.19108 -0.67517  0.45383
 0.19567 -0.67511  0.45096
 0.20026 -0.67504  0.44810
 0.20484 -0.67497  0.44524
 0.20942 -0.67491  0.44239
 0.21399 -0.67486  0.43952
 0.21857 -0.67483  0.43665
 0.22315 -0.67480  0.43375
 0.22773 -0.67479  0.43084
 0.23232 -0.67479  0.42790
 0.23692 -0.67481  0.42493
 0.24152 -0.67484  0.42194
 0.24613 -0.67488  0.41892
 0.25074 -0.67492  0.41588
 0.25535 -0.67497  0.41282
 0.25997 -0.67503  0.40973
 0.26459 -0.67508  0.40664
 0.26921 -0.67513  0.40353
 0.27383 -0.67518  0.40041
 0.27844 -0.67523  0.39729
 0.28306 -0.67526  0.39417
 0.28767 -0.67529  0.39106
 0.29227 -0.67530  0.38796
 0.29687 -0.67530  0.38487
 0.30147 -0.67529  0.38180
 0.30606 -0.67526  0.37875
 0.31065 -0.67522  0.37572
 0.31523 -0.67517  0.37271
 0.31981 -0.67511  0.36973
 0.32439 -0.67504  0.36676
 0.32897 -0.67496  0.36382
 0.33355 -0.67487  0.36089
 0.33813 -0.67478  0.35798
 0.34272 -0.67468  0.35507
 0.34732 -0.67459  0.35216
 0.35193 -0.67450  0.34924
 0.35655 -0.67441  0.34631
 0.36119 -0.67433  0.34335
 0.36584 -0.67426  0.34036
 0.37052 -0.67420  0.33732
 0.37522 -0.67415  0.33422
 0.37994 -0.67412  0.33105
 0.38469 -0.67410  0.32779
 0.38947 -0.67410  0.32445
 0.39428 -0.67411  0.32099
 0.39911 -0.67413  0.31741
 0.40398 -0.67417  0.31370
 0.40888 -0.67422  0.30985
 0.41380 -0.67428  0.30584
 0.41875 -0.67435  0.30167
 0.42373 -0.67442  0.29733
 0.42873 -0.67449  0.29281
 0.43375 -0.67455  0.28810
 0.43879 -0.67461  0.28320
 0.44385 -0.67465  0.27810
 0.44891 -0.67467  0.27282
 0.45398 -0.67466  0.26733
 0.45906 -0.67462  0.26165
 0.46412 -0.67455  0.25578
 0.46918 -0.67443  0.24972
 0.47423 -0.67425  0.24348
 0.47925 -0.67403  0.23706
 0.48425 -0.67374  0.23049
 0.48922 -0.67338  0.22376
 0.49416 -0.67294  0.21688
 0.49905 -0.67243  0.20988
 0.50390 -0.67184  0.20276
 0.50869 -0.67116  0.19555
 0.51343 -0.67039  0.18824
 0.51811 -0.66953  0.18087
 0.52273 -0.66856  0.17344
 0.52728 -0.66751  0.16598
 0.53177 -0.66635  0.15849
 0.53618 -0.66509  0.15099
 0.54051 -0.66373  0.14350
 0.54478 -0.66227  0.13603
 0.54896 -0.66071  0.12860
 0.55307 -0.65905  0.12121
 0.55711 -0.65730  0.11388
 0.56107 -0.65546  0.10661
 0.56496 -0.65352  0.09942
 0.56877 -0.65149  0.09231
 0.57251 -0.64939  0.08529
 0.57618 -0.64720  0.07835
 0.57979 -0.64493  0.07151
 0.58333 -0.64258  0.06475
 0.58680 -0.64017  0.05809
 0.59022 -0.63769  0.05151
 0.59358 -0.63514  0.04501
 0.59687 -0.63254  0.03859
 0.60012 -0.62987  0.03224
 0.60331 -0.62715  0.02594
 0.60645 -0.62437  0.01970
 0.60954 -0.62155  0.01350
 0.61258 -0.61867  0.00732
 0.61557 -0.61574  0.00117
 0.61851 -0.61276 -0.00498
 0.62140 -0.60974 -0.01114
 0.62425 -0.60666 -0.01731
 0.62704 -0.60354 -0.02351
 0.62978 -0.60036 -0.02975
 0.63246 -0.59714 -0.03604
 0.63508 -0.59386 -0.04240
 0.63765 -0.59052 -0.04881
 0.64015 -0.58713 -0.05531
 0.64259 -0.58367 -0.06188
 0.64496 -0.58016 -0.06854
 0.64726 -0.57658 -0.07529
 0.64948 -0.57294 -0.08213
 0.65162 -0.56922 -0.08906
 0.65367 -0.56544 -0.09607
 0.65564 -0.56159 -0.10317
 0.65753 -0.55766 -0.11035
 0.65931 -0.55365 -0.11761
 0.66101 -0.54958 -0.12493
 0.66260 -0.54542 -0.13230
 0.66410 -0.54119 -0.13972
 0.66550 -0.53689 -0.14717
 0.66680 -0.53251 -0.15465
 0.66799 -0.52806 -0.16213
 0.66908 -0.52353 -0.16960
 0.67008 -0.51894 -0.17704
 0.67097 -0.51429 -0.18445
 0.67177 -0.50957 -0.19180
 0.67248 -0.50479 -0.19908
 0.67310 -0.49996 -0.20627
 0.67363 -0.49508 -0.21337
 0.67407 -0.49016 -0.22034
 0.67444 -0.48519 -0.22719
 0.67474 -0.48020 -0.23390
 0.67497 -0.47517 -0.24045
 0.67515 -0.47012 -0.24684
 0.67526 -0.46505 -0.25305
 0.67533 -0.45998 -0.25908
 0.67536 -0.45489 -0.26493
 0.67535 -0.44980 -0.27058
 0.67531 -0.44472 -0.27605
 0.67525 -0.43964 -0.28131
 0.67517 -0.43458 -0.28638
 0.67508 -0.42953 -0.29126
 0.67498 -0.42451 -0.29594
 0.67487 -0.41950 -0.30044
 0.67477 -0.41452 -0.30476
 0.67468 -0.40957 -0.30891
 0.67459 -0.40464 -0.31290
 0.67452 -0.39975 -0.31674
 0.67446 -0.39489 -0.32043
 0.67441 -0.39005 -0.32399
 0.67438 -0.38525 -0.32743
 0.67437 -0.38048 -0.33077
 0.67437 -0.37573 -0.33401
 0.67439 -0.37102 -0.33717
 0.67443 -0.36632 -0.34025
 0.67447 -0.36165 -0.34328
 0.67453 -0.35700 -0.34627
 0.67460 -0.35237 -0.34922
 0.67468 -0.34775 -0.35214
 0.67476 -0.34315 -0.35505
 0.67485 -0.33856 -0.35795
 0.67493 -0.33397 -0.36085
 0.67501 -0.32939 -0.36376
 0.67509 -0.32481 -0.36668
 0.67516 -0.32024 -0.36961
 0.67522 -0.31566 -0.37257
 0.67527 -0.31108 -0.37555
 0.67531 -0.30650 -0.37855
 0.67534 -0.30191 -0.38157
 0.67535 -0.29732 -0.38462
 0.67535 -0.29273 -0.38768
 0.67534 -0.28812 -0.39076
 0.67531 -0.28352 -0.39386
 0.67527 -0.27891 -0.39696
 0.67522 -0.27429 -0.40008
 0.67516 -0.26967 -0.40319
 0.67510 -0.26505 -0.40630
 0.67503 -0.26043 -0.40941
 0.67496 -0.25580 -0.41250
 0.67490 -0.25118 -0.41558
 0.67483 -0.24657 -0.41864
 0.67477 -0.24195 -0.42168
 0.67472 -0.23734 -0.42469
 0.67468 -0.23274 -0.42768
 0.67465 -0.22813 -0.43065
 0.67464 -0.22354 -0.43359
 0.67464 -0.21895 -0.43650
 0.67465 -0.21436 -0.43940
 0.67468 -0.20978 -0.44228
 0.67471 -0.20520 -0.44514
 0.67476 -0.20062 -0.44800
 0.67482 -0.19603 -0.45085
 0.67487 -0.19144 -0.45372
 0.67493 -0.18683 -0.45659
 0.67497 -0.18221 -0.45949
 0.67500 -0.17757 -0.46242
 0.67501 -0.17291 -0.46540
 0.67499 -0.16822 -0.46842
 0.67492 -0.16349 -0.47151
 0.67480 -0.15873 -0.47467
 0.67462 -0.15391 -0.47791
 0.67436 -0.14904 -0.48125
 0.67402 -0.14412 -0.48468
 0.67358 -0.13912 -0.48822
 0.67302 -0.13406 -0.49188
 0.67234 -0.12892 -0.49567
 0.67152 -0.12370 -0.49957
 0.67055 -0.11839 -0.50361
 0.66942 -0.11299 -0.50779
 0.66811 -0.10750 -0.51210
 0.66662 -0.10191 -0.51654
 0.66493 -0.09622 -0.52111
 0.66303 -0.09043 -0.52582
 0.66092 -0.08454 -0.53064
 0.65860 -0.07854 -0.53558
 0.65604 -0.07245 -0.54062
 0.65326 -0.06626 -0.54577
 0.65025 -0.05997 -0.55099
 0.64701 -0.05360 -0.55629
 0.64355 -0.04714 -0.56164
 0.63985 -0.04060 -0.56703
 0.63594 -0.03398 -0.57244
 0.63181 -0.02730 -0.57787
 0.62748 -0.02057 -0.58328
 0.62295 -0.01378 -0.58866
 0.61824 -0.00696 -0.59399
 0.61336 -0.00011 -0.59925
 0.60833  0.00676 -0.60443
 0.60316  0.01364 -0.60950
 0.59787  0.02051 -0.61446
 0.59247  0.02737 -0.61927
 0.58699  0.03421 -0.62394
 0.58145  0.04101 -0.62843
 0.57586  0.04778 -0.63275
 0.57025  0.05448 -0.63687
 0.56463  0.06113 -0.64078
 0.55903  0.06770 -0.64449
 0.55346  0.07420 -0.64798
 0.54794  0.08061 -0.65124
 0.54248  0.08693 -0.65428
 0.53711  0.09316 -0.65708
 0.53184  0.09928 -0.65966
 0.52668  0.10530 -0.66201
 0.52164  0.11122 -0.66413
 0.51673  0.11703 -0.66604
 0.51196  0.12273 -0.66773
 0.50734  0.12833 -0.66922
 0.50288  0.13382 -0.67052
 0.49856  0.13921 -0.67163
 0.49440  0.14451 -0.67256
 0.49040  0.14971 -0.67334
 0.48654  0.15482 -0.67397
 0.48283  0.15985 -0.67446
 0.47926  0.16479 -0.67482
 0.47582  0.16967 -0.67508
 0.47251  0.17449 -0.67525
 0.46931  0.17924 -0.67533
 0.46622  0.18394 -0.67534
 0.46322  0.18860 -0.67530
 0.46029  0.19322 -0.67521
 0.45744  0.19781 -0.67509
 0.45464  0.20238 -0.67495
 0.45189  0.20693 -0.67479
 0.44916  0.21146 -0.67463
 0.44646  0.21599 -0.67447
 0.44376  0.22051 -0.67432
 0.44106  0.22504 -0.67418
 0.43836  0.22957 -0.67406
 0.43563  0.23411 -0.67397
 0.43287  0.23866 -0.67389
 0.43008  0.24322 -0.67385
 0.42726  0.24779 -0.67382
 0.42439  0.25238 -0.67383
 0.42148  0.25698 -0.67385
 0.41852  0.26160 -0.67390
 0.41552  0.26623 -0.67397
 0.41247  0.27088 -0.67405
 0.40938  0.27553 -0.67415
 0.40625  0.28020 -0.67426
 0.40309  0.28488 -0.67438
 0.39990  0.28956 -0.67450
 0.39668  0.29425 -0.67463
 0.39344  0.29894 -0.67474
 0.39019  0.30363 -0.67486
 0.38693  0.30833 -0.67496
 0.38366  0.31302 -0.67506
 0.38040  0.31771 -0.67514
 0.37714  0.32240 -0.67521
 0.37388  0.32709 -0.67527
 0.37064  0.33177 -0.67531
 0.36741  0.33646 -0.67533
 0.36420  0.34114 -0.67535
 0.36100  0.34582 -0.67534
 0.35780  0.35050 -0.67533
 0.35462  0.35518 -0.67531
 0.35143  0.35987 -0.67528
 0.34825  0.36457 -0.67524
 0.34505  0.36927 -0.67520
 0.34183  0.37399 -0.67515
 0.33857  0.37872 -0.67511
 0.33528  0.38346 -0.67507
 0.33193  0.38822 -0.67504
 0.32851  0.39300 -0.67501
 0.32502  0.39781 -0.67500
 0.32142  0.40264 -0.67499
 0.31772  0.40749 -0.67499
 0.31389  0.41237 -0.67501
 0.30991  0.41728 -0.67503
 0.30579  0.42222 -0.67506
 0.30150  0.42718 -0.67510
 0.29702  0.43216 -0.67514
 0.29235  0.43717 -0.67518
 0.28748  0.44220 -0.67522
 0.28240  0.44725 -0.67525
 0.27709  0.45231 -0.67527
 0.27157  0.45738 -0.67527
 0.26581  0.46246 -0.67525
 0.25982  0.46754 -0.67520
 0.25360  0.47262 -0.67511
 0.24715  0.47768 -0.67497
 0.24048  0.48273 -0.67479
 0.23360  0.48775 -0.67454
 0.22651  0.49275 -0.67423
 0.21923  0.49770 -0.67385
 0.21177  0.50262 -0.67338
 0.20414  0.50748 -0.67283
 0.19637  0.51229 -0.67219
 0.18848  0.51703 -0.67145
 0.18047  0.52171 -0.67060
 0.17239  0.52631 -0.66965
 0.16424  0.53083 -0.66859
 0.15606  0.53527 -0.66742
 0.14787  0.53963 -0.66612
 0.13969  0.54389 -0.66472
 0.13154  0.54806 -0.66319
 0.12346  0.55214 -0.66155
 0.11545  0.55613 -0.65980
 0.10755  0.56002 -0.65793
 0.09977  0.56382 -0.65595
 0.09214  0.56753 -0.65387
 0.08467  0.57115 -0.65168
 0.07737  0.57469 -0.64940
 0.07025  0.57814 -0.64703
 0.06334  0.58152 -0.64458
 0.05662  0.58483 -0.64205
 0.05012  0.58807 -0.63944
 0.04383  0.59124 -0.63677
 0.03774  0.59436 -0.63405
 0.03186  0.59743 -0.63127
 0.02618  0.60045 -0.62845
 0.02069  0.60344 -0.62558
 0.01537  0.60639 -0.62269
 0.01021  0.60931 -0.61976
 0.00520  0.61220 -0.61682
 0.00031  0.61508 -0.61385
-0.00448  0.61793 -0.61086
-0.00920  0.62078 -0.60787
-0.01386  0.62360 -0.60485
-0.01850  0.62642 -0.60183
-0.02315  0.62922 -0.59879
-0.02782  0.63201 -0.59574
-0.03257  0.63478 -0.59268
-0.03740  0.63754 -0.58959
-0.04236  0.64027 -0.58648
-0.04746  0.64297 -0.58334
-0.05275  0.64563 -0.58017
-0.05825  0.64826 -0.57695
-0.06397  0.65083 -0.57369
-0.06996  0.65334 -0.57037
-0.07623  0.65578 -0.56699
-0.08281  0.65814 -0.56353
-0.08970  0.66040 -0.55999
-0.09694  0.66256 -0.55636
-0.10453  0.66460 -0.55262
-0.11248  0.66651 -0.54877
-0.12080  0.66827 -0.54480
-0.12951  0.66987 -0.54070
-0.13860  0.67129 -0.53645
-0.14807  0.67252 -0.53205
-0.15792  0.67355 -0.52750
-0.16815  0.67436 -0.52277
-0.17874  0.67493 -0.51787
-0.18969  0.67526 -0.51278
-0.20098  0.67534 -0.50751
-0.21260  0.67514 -0.50204
-0.22452  0.67466 -0.49638
-0.23674  0.67388 -0.49051
-0.24922  0.67280 -0.48443
-0.26194  0.67141 -0.47815
-0.27488  0.66971 -0.47167
-0.28800  0.66767 -0.46497
-0.30129  0.66531 -0.45807
-0.31470  0.66261 -0.45097
-0.32821  0.65957 -0.44367
-0.34179  0.65619 -0.43618
-0.35541  0.65248 -0.42849
-0.36902  0.64842 -0.42063
-0.38261  0.64403 -0.41260
-0.39614  0.63930 -0.40439
-0.40958  0.63425 -0.39603
-0.42290  0.62887 -0.38753
-0.43606  0.62318 -0.37889
-0.44904  0.61719 -0.37013
-0.46181  0.61089 -0.36125
-0.47434  0.60431 -0.35227
-0.48661  0.59746 -0.34321
-0.49858  0.59034 -0.33407
-0.51025  0.58297 -0.32487
-0.52158  0.57536 -0.31562
-0.53255  0.56754 -0.30634
-0.54315  0.55950 -0.29703
-0.55337  0.55127 -0.28772
-0.56318  0.54287 -0.27841
-0.57257  0.53430 -0.26912
-0.58154  0.52559 -0.25986
-0.59007  0.51674 -0.25064
-0.59816  0.50778 -0.24147
-0.60580  0.49872 -0.23236
-0.61300  0.48958 -0.22333
-0.61974  0.48036 -0.21439
-0.62604  0.47109 -0.20553
-0.63189  0.46177 -0.19678
-0.63730  0.45242 -0.18813
-0.64227  0.44306 -0.17960
-0.64682  0.43368 -0.17120
-0.65096  0.42430 -0.16291
-0.65469  0.41494 -0.15476
-0.65804  0.40559 -0.14674
-0.66101  0.39626 -0.13886
-0.66362  0.38696 -0.13111
-0.66589  0.37770 -0.12351
-0.66783  0.36848 -0.11604
-0.66948  0.35930 -0.10870
-0.67083  0.35015 -0.10151
-0.67193  0.34105 -0.09444
-0.67278  0.33199 -0.08751
-0.67341  0.32296 -0.08070
-0.67384  0.31397 -0.07402
-0.67408  0.30502 -0.06746
-0.67418  0.29609 -0.06100
-0.67413  0.28717 -0.05466
-0.67397  0.27828 -0.04842
-0.67370  0.26939 -0.04227
-0.67337  0.26051 -0.03622
-0.67297  0.25161 -0.03025
-0.67253  0.24271 -0.02436
-0.67206  0.23378 -0.01854
-0.67158  0.22483 -0.01279
-0.67110  0.21584 -0.00710
-0.67063  0.20680 -0.00146
-0.67019  0.19772  0.00412
-0.66978  0.18857  0.00966
-0.66942  0.17937  0.01515
-0.66910  0.17010  0.02060
-0.66883  0.16075  0.02602
-0.66862  0.15133  0.03140
-0.66847  0.14183  0.03676
-0.66838  0.13225  0.04208
-0.66834  0.12259  0.04738
-0.66836  0.11284  0.05264
-0.66844  0.10301  0.05788
-0.66856  0.09310  0.06309
-0.66873  0.08310  0.06827
-0.66894  0.07304  0.07342
-0.66918  0.06290  0.07853
-0.66944  0.05269  0.08362
-0.66973  0.04242  0.08866
-0.67003  0.03210  0.09366
-0.67033  0.02172  0.09862
-0.67063  0.01130  0.10354
-0.67092  0.00085  0.10841
-0.67120 -0.00964  0.11323
-0.67145 -0.02015  0.11799
-0.67168 -0.03068  0.12270
-0.67188 -0.04122  0.12734
-0.67204 -0.05176  0.13193
-0.67216 -0.06229  0.13646
-0.67224 -0.07282  0.14092
-0.67228 -0.08333  0.14531
-0.67228 -0.09383  0.14964
-0.67224 -0.10430  0.15390
-0.67215 -0.11475  0.15809
-0.67202 -0.12516  0.16222
-0.67186 -0.13554  0.16629
-0.67167 -0.14589  0.17028
-0.67145 -0.15621  0.17422
-0.67121 -0.16649  0.17809
-0.67094 -0.17673  0.18190
-0.67067 -0.18694  0.18566
-0.67039 -0.19712  0.18936
-0.67012 -0.20726  0.19301
-0.66985 -0.21737  0.19661
-0.66959 -0.22745  0.20016
-0.66935 -0.23751  0.20366
-0.66914 -0.24753  0.20713
-0.66896 -0.25753  0.21055
-0.66881 -0.26750  0.21394
-0.66869 -0.27744  0.21729
-0.66862 -0.28736  0.22060
-0.66859 -0.29725  0.22389
-0.66861 -0.30710  0.22714
-0.66867 -0.31693  0.23035
-0.66878 -0.32671  0.23354
-0.66892 -0.33646  0.23669
-0.66911 -0.34615  0.23980
-0.66933 -0.35580  0.24288
-0.66959 -0.36538  0.24592
-0.66988 -0.37489  0.24893
-0.67018 -0.38432  0.25188
-0.67051 -0.39367  0.25480
-0.67084 -0.40292  0.25766
-0.67117 -0.41206  0.26048
-0.67150 -0.42108  0.26323
-0.67182 -0.42997  0.26593
-0.67212 -0.43872  0.26856
-0.67239 -0.44732  0.27113
-0.67262 -0.45576  0.27362
-0.67282 -0.46402  0.27605
-0.67297 -0.47211  0.27839
-0.67308 -0.48000  0.28066
-0.67313 -0.48769  0.28285
-0.67312 -0.49519  0.28495
-0.67306 -0.50247  0.28698
-0.67294 -0.50954  0.28892
-0.67276 -0.51640  0.29077
-0.67253 -0.52304  0.29255
-0.67224 -0.52946  0.29425
-0.67192 -0.53568  0.29587
-0.67155 -0.54169  0.29741
-0.67115 -0.54749  0.29889
-0.67073 -0.55310  0.30031
-0.67029 -0.55853  0.30166
-0.66985 -0.56378  0.30296
-0.66942 -0.56886  0.30421
-0.66901 -0.57379  0.30542
-0.66863 -0.57857  0.30659
-0.66829 -0.58322  0.30773
-0.66800 -0.58776  0.30885
-0.66778 -0.59218  0.30995
-0.66763 -0.59651  0.31104
-0.66756 -0.60076  0.31212
-0.66758 -0.60492  0.31320
-0.66770 -0.60902  0.31429
-0.66791 -0.61305  0.31537
-0.66822 -0.61701  0.31646
-0.66863 -0.62092  0.31755
-0.66912 -0.62475  0.31865
-0.66969 -0.62852  0.31974
-0.67034 -0.63220  0.32083
-0.67103 -0.63579  0.32191
-0.67176 -0.63926  0.32296
-0.67250 -0.64260  0.32398
-0.67322 -0.64579  0.32496
-0.67389 -0.64879  0.32587
-0.67447 -0.65157  0.32671
-0.67493 -0.65409  0.32746
-0.67523 -0.65632  0.32809
-0.67530 -0.65821  0.32858
-0.67511 -0.65971  0.32891
-0.67461 -0.66077  0.32905
-0.67373 -0.66135  0.32898
-0.67241 -0.66138  0.32866
-0.67061 -0.66081  0.32808
-0.66825 -0.65958  0.32720
-0.66527 -0.65763  0.32599
-0.66161 -0.65491  0.32442
-0.65721 -0.65135  0.32246
-0.65200 -0.64690  0.32008
-0.64592 -0.64151  0.31725
-0.63893 -0.63511  0.31395
-0.63095 -0.62766  0.31015
-0.62194 -0.61912  0.30583
-0.61185 -0.60943  0.30095
-0.60064 -0.59856  0.29551
-0.58826 -0.58649  0.28949
-0.57469 -0.57317  0.28286
-0.55989 -0.55859  0.27562
-0.54386 -0.54273  0.26776
-0.52657 -0.52560  0.25928
-0.50803 -0.50717  0.25017
-0.48822 -0.48747  0.24044
-0.46717 -0.46651  0.23008
-0.44490 -0.44431  0.21912
-0.42143 -0.42090  0.20757
-0.39679 -0.39631  0.19544
-0.37103 -0.37060  0.18276
-0.34421 -0.34381  0.16955
-0.31637 -0.31601  0.15584
-0.28759 -0.28727  0.14166
-0.25794 -0.25765  0.12706
-0.22750 -0.22725  0.11206
-0.19635 -0.19613  0.09672
-0.16459 -0.16441  0.08107
-0.13230 -0.13216  0.06517
-0.09960 -0.09949  0.04906
-0.06658 -0.06650  0.03279
-0.03334 -0.03331  0.01642
-0.01668 -0.01667  0.00822
 0.00000  0.00000  0.00000
