     101
 0.00000  0.00000  0.00000
 0.51042  0.86648 -0.16879
 0.51024  0.86648 -0.16934
 0.50986  0.86649 -0.17044
 0.50929  0.86649 -0.17211
 0.50853  0.86649 -0.17435
 0.50755  0.86649 -0.17718
 0.50637  0.86647 -0.18064
 0.50495  0.86643 -0.18474
 0.50328  0.86637 -0.18954
 0.50135  0.86626 -0.19506
 0.49913  0.86610 -0.20137
 0.49659  0.86586 -0.20852
 0.49370  0.86554 -0.21660
 0.49041  0.86508 -0.22568
 0.48668  0.86447 -0.23587
 0.48245  0.86366 -0.24728
 0.47763  0.86258 -0.26007
 0.47215  0.86116 -0.27438
 0.46589  0.85931 -0.29042
 0.45871  0.85689 -0.30842
 0.45044  0.85376 -0.32865
 0.44087  0.84967 -0.35142
 0.42973  0.84435 -0.37712
 0.41667  0.83739 -0.40617
 0.40125  0.82827 -0.43907
 0.38290  0.81624 -0.47638
 0.36092  0.80033 -0.51866
 0.33438  0.77917 -0.56647
 0.30216  0.75094 -0.62016
 0.26292  0.71323 -0.67970
 0.21526  0.66303 -0.74422
 0.15789  0.59697 -0.81148
 0.09031  0.51192 -0.87726
 0.01353  0.40634 -0.93515
-0.06922  0.28199 -0.97750
-0.15252  0.14494 -0.99777
-0.23019  0.00458 -0.99338
-0.29730 -0.12937 -0.96679
-0.35152 -0.24992 -0.92400
-0.39299 -0.35390 -0.87185
-0.42335 -0.44126 -0.81601
-0.44472 -0.51375 -0.76032
-0.45914 -0.57372 -0.70699
-0.46831 -0.62353 -0.65704
-0.47354 -0.66520 -0.61080
-0.47578 -0.70043 -0.56819
-0.47576 -0.73053 -0.52896
-0.47398 -0.75654 -0.49274
-0.47082 -0.77928 -0.45919
-0.46656 -0.79937 -0.42796
-0.46137 -0.81729 -0.39872
-0.45540 -0.83344 -0.37120
-0.44875 -0.84812 -0.34514
-0.44148 -0.86156 -0.32032
-0.43365 -0.87396 -0.29654
-0.42528 -0.88547 -0.27364
-0.41639 -0.89621 -0.25145
-0.40699 -0.90628 -0.22985
-0.39706 -0.91575 -0.20870
-0.38661 -0.92468 -0.18790
-0.37562 -0.93312 -0.16735
-0.36405 -0.94110 -0.14696
-0.35190 -0.94865 -0.12664
-0.33913 -0.95577 -0.10632
-0.32571 -0.96247 -0.08591
-0.31160 -0.96873 -0.06536
-0.29676 -0.97455 -0.04459
-0.28114 -0.97990 -0.02355
-0.26472 -0.98475 -0.00218
-0.24743 -0.98904  0.01957
-0.22923 -0.99273  0.04175
-0.21007 -0.99576  0.06441
-0.18990 -0.99803  0.08758
-0.16868 -0.99948  0.11130
-0.14637 -1.00000  0.13558
-0.12292 -0.99948  0.16045
-0.09830 -0.99779  0.18590
-0.07250 -0.99480  0.21193
-0.04549 -0.99038  0.23851
-0.01729 -0.98436  0.26560
 0.01209 -0.97659  0.29314
 0.04259 -0.96692  0.32104
 0.07416 -0.95518  0.34919
 0.10668 -0.94124  0.37748
 0.14005 -0.92497  0.40574
 0.17409 -0.90626  0.43382
 0.20864 -0.88504  0.46151
 0.24346 -0.86128  0.48861
 0.27834 -0.83498  0.51492
 0.31302 -0.80622  0.54022
 0.34724 -0.77510  0.56432
 0.38074 -0.74178  0.58703
 0.41328 -0.70649  0.60818
 0.44463 -0.66945  0.62766
 0.47457 -0.63096  0.64535
 0.50296 -0.59130  0.66122
 0.52964 -0.55079  0.67522
 0.55453 -0.50973  0.68738
 0.57756 -0.46840  0.69773
 0.00000  0.00000  0.00000
