      88
-0.00000 -0.00000 -0.00000
 0.71634 -1.00000 -0.81661
 0.76950 -1.00000 -0.89451
 0.81983 -1.00000 -0.96953
 0.86712 -1.00000 -1.00000
 0.91127 -1.00000 -1.00000
 0.95220 -1.00000 -1.00000
 0.98982 -1.00000 -1.00000
 1.00000 -1.00000 -1.00000
 1.00000 -1.00000 -1.00000
 1.00000 -1.00000 -1.00000
 1.00000 -1.00000 -1.00000
 1.00000 -1.00000 -1.00000
 1.00000 -1.00000 -1.00000
 1.00000 -1.00000 -1.00000
 1.00000 -1.00000 -1.00000
 1.00000 -1.00000 -1.00000
 1.00000 -1.00000 -1.00000
 1.00000 -1.00000 -1.00000
 1.00000 -1.00000 -1.00000
 1.00000 -1.00000 -1.00000
 1.00000 -1.00000 -1.00000
 1.00000 -1.00000 -1.00000
 1.00000 -1.00000 -1.00000
 1.00000 -1.00000 -1.00000
 1.00000 -1.00000 -1.00000
 1.00000 -1.00000 -1.00000
 1.00000 -1.00000 -1.00000
 0.99819 -1.00000 -1.00000
 0.96134 -1.00000 -1.00000
 0.92118 -1.00000 -1.00000
 0.87778 -1.00000 -1.00000
 0.83121 -1.00000 -1.00000
 0.78156 -1.00000 -1.00000
 0.72891 -1.00000 -1.00000
 0.67337 -1.00000 -1.00000
 0.61502 -1.00000 -1.00000
 0.55398 -1.00000 -1.00000
 0.49036 -0.93555 -1.00000
 0.42428 -0.78474 -1.00000
 0.35593 -0.63024 -1.00000
 0.28548 -0.47261 -1.00000
 0.21310 -0.31241 -1.00000
 0.13899 -0.15018 -1.00000
 0.06332  0.01348 -1.00000
-0.01370  0.17800 -1.00000
-0.09188  0.34281 -1.00000
-0.17103  0.50730 -1.00000
-0.25095  0.67090 -0.96105
-0.33138  0.83299 -0.89851
-0.41206  0.99294 -0.83496
-0.49271  1.00000 -0.77066
-0.57308  1.00000 -0.70583
-0.65297  1.00000 -0.64070
-0.73215  1.00000 -0.57550
-0.81038  1.00000 -0.51046
-0.88746  1.00000 -0.44581
-0.96315  1.00000 -0.38176
-1.00000  1.00000 -0.31853
-1.00000  1.00000 -0.25629
-1.00000  1.00000 -0.19516
-1.00000  1.00000 -0.13524
-1.00000  1.00000 -0.07664
-1.00000  1.00000 -0.01947
-1.00000  1.00000  0.03616
-1.00000  1.00000  0.09015
-1.00000  1.00000  0.14241
-1.00000  1.00000  0.19284
-1.00000  1.00000  0.24134
-1.00000  1.00000  0.28784
-1.00000  1.00000  0.33224
-1.00000  1.00000  0.37447
-1.00000  1.00000  0.41444
-1.00000  1.00000  0.45209
-1.00000  1.00000  0.48734
-1.00000  1.00000  0.52013
-1.00000  1.00000  0.55041
-1.00000  1.00000  0.57811
-1.00000  1.00000  0.60319
-1.00000  1.00000  0.62559
-1.00000  1.00000  0.64529
-1.00000  1.00000  0.66224
-1.00000  1.00000  0.67641
-1.00000  1.00000  0.68778
-1.00000  1.00000  0.69633
-1.00000  1.00000  0.70203
-1.00000  1.00000  0.70489
-0.00000 -0.00000 -0.00000
