     101
 0.00000  0.00000  0.00000
 0.78489 -0.51180  0.35168
 0.78474 -0.51231  0.35127
 0.78445 -0.51332  0.35043
 0.78401 -0.51486  0.34917
 0.78341 -0.51692  0.34747
 0.78264 -0.51953  0.34531
 0.78168 -0.52271  0.34267
 0.78052 -0.52648  0.33953
 0.77913 -0.53088  0.33584
 0.77749 -0.53595  0.33157
 0.77556 -0.54173  0.32666
 0.77330 -0.54828  0.32106
 0.77065 -0.55565  0.31469
 0.76755 -0.56392  0.30747
 0.76392 -0.57317  0.29928
 0.75966 -0.58351  0.29002
 0.75464 -0.59503  0.27953
 0.74870 -0.60786  0.26762
 0.74165 -0.62214  0.25408
 0.73323 -0.63804  0.23864
 0.72311 -0.65571  0.22097
 0.71085 -0.67534  0.20068
 0.69591 -0.69710  0.17728
 0.67756 -0.72113  0.15018
 0.65484 -0.74751  0.11866
 0.62652 -0.77616  0.08191
 0.59102 -0.80675  0.03898
 0.54633 -0.83849 -0.01108
 0.49013 -0.86987 -0.06910
 0.41991 -0.89833 -0.13542
 0.33360 -0.92007 -0.20940
 0.23046 -0.93014 -0.28880
 0.11237 -0.92336 -0.36938
-0.01544 -0.89615 -0.44535
-0.14505 -0.84833 -0.51086
-0.26810 -0.78366 -0.56185
-0.37827 -0.70848 -0.59720
-0.47251 -0.62937 -0.61830
-0.55072 -0.55148 -0.62789
-0.61452 -0.47800 -0.62892
-0.66626 -0.41043 -0.62395
-0.70825 -0.34918 -0.61492
-0.74255 -0.29399 -0.60320
-0.77083 -0.24433 -0.58974
-0.79438 -0.19955 -0.57516
-0.81422 -0.15900 -0.55985
-0.83114 -0.12207 -0.54404
-0.84570 -0.08825 -0.52789
-0.85838 -0.05705 -0.51147
-0.86952 -0.02810 -0.49480
-0.87937 -0.00105 -0.47789
-0.88815  0.02439 -0.46071
-0.89602  0.04847 -0.44325
-0.90309  0.07139 -0.42544
-0.90945  0.09335 -0.40725
-0.91517  0.11449 -0.38862
-0.92029  0.13495 -0.36950
-0.92484  0.15486 -0.34981
-0.92883  0.17431 -0.32949
-0.93226  0.19339 -0.30849
-0.93511  0.21219 -0.28673
-0.93737  0.23075 -0.26414
-0.93898  0.24915 -0.24065
-0.93990  0.26743 -0.21619
-0.94007  0.28562 -0.19069
-0.93941  0.30374 -0.16409
-0.93783  0.32182 -0.13631
-0.93523  0.33986 -0.10730
-0.93150  0.35785 -0.07701
-0.92651  0.37576 -0.04539
-0.92012  0.39356 -0.01242
-0.91220  0.41120  0.02190
-0.90258  0.42861  0.05758
-0.89111  0.44571  0.09455
-0.87764  0.46239  0.13276
-0.86201  0.47852  0.17210
-0.84411  0.49399  0.21242
-0.82382  0.50864  0.25353
-0.80106  0.52233  0.29520
-0.77581  0.53489  0.33717
-0.74806  0.54618  0.37915
-0.71790  0.55607  0.42080
-0.68545  0.56443  0.46179
-0.65088  0.57117  0.50179
-0.61443  0.57624  0.54046
-0.57637  0.57962  0.57750
-0.53703  0.58131  0.61266
-0.49672  0.58137  0.64572
-0.45579  0.57987  0.67652
-0.41457  0.57693  0.70495
-0.37338  0.57268  0.73096
-0.33250  0.56725  0.75455
-0.29217  0.56081  0.77576
-0.25262  0.55350  0.79467
-0.21401  0.54547  0.81138
-0.17647  0.53685  0.82603
-0.14010  0.52779  0.83874
-0.10496  0.51838  0.84967
-0.07108  0.50875  0.85895
 0.00000  0.00000  0.00000
