     100
 0.00000  0.00000  0.00000
 0.61722  0.03353 -0.78943
 0.61756  0.03392 -0.78915
 0.61824  0.03471 -0.78858
 0.61926  0.03589 -0.78773
 0.62064  0.03747 -0.78657
 0.62238  0.03948 -0.78509
 0.62449  0.04193 -0.78329
 0.62700  0.04484 -0.78112
 0.62991  0.04823 -0.77857
 0.63326  0.05214 -0.77560
 0.63706  0.05659 -0.77217
 0.64135  0.06164 -0.76822
 0.64616  0.06734 -0.76370
 0.65153  0.07374 -0.75853
 0.65750  0.08091 -0.75262
 0.66413  0.08894 -0.74586
 0.67148  0.09792 -0.73811
 0.67960  0.10796 -0.72922
 0.68858  0.11920 -0.71899
 0.69847  0.13180 -0.70714
 0.70937  0.14594 -0.69338
 0.72135  0.16184 -0.67731
 0.73449  0.17976 -0.65841
 0.74882  0.19999 -0.63605
 0.76436  0.22287 -0.60940
 0.78102  0.24877 -0.57741
 0.79857  0.27808 -0.53874
 0.81654  0.31113 -0.49169
 0.83401  0.34813 -0.43419
 0.84947  0.38898 -0.36385
 0.86049  0.43297 -0.27817
 0.86355  0.47842 -0.17517
 0.85415  0.52226 -0.05444
 0.82760  0.56011  0.08147
 0.78079  0.58699  0.22605
 0.71407  0.59900  0.36957
 0.63200  0.59500  0.50184
 0.54179  0.57694  0.61554
 0.45075  0.54870  0.70784
 0.36424  0.51445  0.77971
 0.28523  0.47758  0.83418
 0.21475  0.44035  0.87479
 0.15266  0.40408  0.90482
 0.09821  0.36941  0.92692
 0.05045  0.33658  0.94311
 0.00844  0.30558  0.95490
-0.02871  0.27628  0.96340
-0.06176  0.24850  0.96939
-0.09134  0.22205  0.97347
-0.11800  0.19673  0.97604
-0.14218  0.17236  0.97743
-0.16426  0.14878  0.97784
-0.18453  0.12583  0.97745
-0.20327  0.10338  0.97636
-0.22067  0.08131  0.97467
-0.23693  0.05950  0.97242
-0.25219  0.03785  0.96967
-0.26658  0.01628  0.96641
-0.28020 -0.00530  0.96268
-0.29315 -0.02698  0.95845
-0.30550 -0.04881  0.95372
-0.31732 -0.07086  0.94846
-0.32865 -0.09321  0.94265
-0.33955 -0.11590  0.93625
-0.35005 -0.13898  0.92921
-0.36017 -0.16252  0.92149
-0.36994 -0.18655  0.91303
-0.37936 -0.21112  0.90377
-0.38846 -0.23626  0.89363
-0.39721 -0.26199  0.88254
-0.40562 -0.28835  0.87041
-0.41367 -0.31535  0.85716
-0.42134 -0.34299  0.84268
-0.42860 -0.37126  0.82689
-0.43541 -0.40015  0.80968
-0.44172 -0.42961  0.79095
-0.44750 -0.45960  0.77058
-0.45267 -0.49003  0.74849
-0.45717 -0.52082  0.72458
-0.46094 -0.55185  0.69877
-0.46390 -0.58297  0.67099
-0.46598 -0.61402  0.64119
-0.46710 -0.64481  0.60936
-0.46720 -0.67514  0.57551
-0.46620 -0.70477  0.53967
-0.46406 -0.73348  0.50194
-0.46075 -0.76102  0.46243
-0.45624 -0.78717  0.42130
-0.45052 -0.81170  0.37877
-0.44362 -0.83440  0.33506
-0.43558 -0.85511  0.29043
-0.42646 -0.87368  0.24516
-0.41633 -0.89002  0.19954
-0.40531 -0.90407  0.15386
-0.39348 -0.91581  0.10840
-0.38098 -0.92527  0.06341
-0.36791 -0.93250  0.01914
-0.35440 -0.93760 -0.02422
 0.00000  0.00000  0.00000
