     100
 0.00000  0.00000  0.00000
-1.00000  1.00000  0.66380
-1.00000  1.00000  0.66415
-1.00000  1.00000  0.66486
-1.00000  1.00000  0.66591
-1.00000  0.99823  0.66732
-1.00000  0.98264  0.66907
-1.00000  0.96396  0.67114
-1.00000  0.94224  0.67351
-1.00000  0.91751  0.67617
-1.00000  0.88981  0.67908
-1.00000  0.85921  0.68220
-1.00000  0.82576  0.68551
-1.00000  0.78952  0.68898
-1.00000  0.75057  0.69255
-1.00000  0.70897  0.69619
-1.00000  0.66481  0.69986
-1.00000  0.61816  0.70350
-1.00000  0.56913  0.70707
-1.00000  0.51779  0.71052
-1.00000  0.46426  0.71379
-1.00000  0.40862  0.71684
-1.00000  0.35099  0.71961
-1.00000  0.29147  0.72205
-1.00000  0.23019  0.72409
-1.00000  0.16724  0.72569
-1.00000  0.10275  0.72679
-1.00000  0.03685  0.72733
-1.00000 -0.03035  0.72726
-1.00000 -0.09872  0.72652
-0.98934 -0.16812  0.72505
-0.91866 -0.23842  0.72280
-0.84685 -0.30938  0.71961
-0.77415 -0.38078  0.71532
-0.70078 -0.45237  0.70979
-0.62696 -0.52391  0.70286
-0.55293 -0.59519  0.69440
-0.47891 -0.66595  0.68426
-0.40513 -0.73596  0.67231
-0.33180 -0.80499  0.65841
-0.25916 -0.87282  0.64245
-0.18742 -0.93921  0.62430
-0.11679 -1.00000  0.60388
-0.04747 -1.00000  0.58107
 0.02041 -1.00000  0.55585
 0.08675 -1.00000  0.52820
 0.15142 -1.00000  0.49808
 0.21431 -1.00000  0.46551
 0.27533 -1.00000  0.43048
 0.33438 -1.00000  0.39300
 0.39135 -1.00000  0.35310
 0.44615 -1.00000  0.31081
 0.49871 -1.00000  0.26616
 0.54894 -1.00000  0.21922
 0.59676 -1.00000  0.17005
 0.64211 -1.00000  0.11870
 0.68492 -1.00000  0.06529
 0.72513 -1.00000  0.00987
 0.76269 -1.00000 -0.04743
 0.79756 -1.00000 -0.10651
 0.82968 -1.00000 -0.16725
 0.85902 -1.00000 -0.22952
 0.88557 -1.00000 -0.29319
 0.90927 -1.00000 -0.35810
 0.93014 -1.00000 -0.42412
 0.94813 -1.00000 -0.49108
 0.96326 -1.00000 -0.55881
 0.97552 -1.00000 -0.62715
 0.98491 -1.00000 -0.69591
 0.99145 -1.00000 -0.76491
 0.99514 -1.00000 -0.83396
 0.99601 -1.00000 -0.90287
 0.99409 -1.00000 -0.97144
 0.98940 -1.00000 -1.00000
 0.98197 -1.00000 -1.00000
 0.97181 -1.00000 -1.00000
 0.95893 -1.00000 -1.00000
 0.94337 -1.00000 -1.00000
 0.92514 -1.00000 -1.00000
 0.90429 -1.00000 -1.00000
 0.88086 -1.00000 -1.00000
 0.85489 -1.00000 -1.00000
 0.82642 -1.00000 -1.00000
 0.79551 -1.00000 -1.00000
 0.76221 -1.00000 -1.00000
 0.72660 -1.00000 -1.00000
 0.68873 -1.00000 -1.00000
 0.64868 -1.00000 -1.00000
 0.60652 -1.00000 -1.00000
 0.56233 -1.00000 -1.00000
 0.51620 -0.96946 -1.00000
 0.46824 -0.89964 -1.00000
 0.41864 -0.82771 -1.00000
 0.36759 -0.75388 -1.00000
 0.31527 -0.67836 -1.00000
 0.26188 -0.60137 -1.00000
 0.20761 -0.52312 -1.00000
 0.15268 -0.44384 -1.00000
 0.09729 -0.36375 -1.00000
 0.00000  0.00000  0.00000
