      84
-0.00000 -0.00000 -0.00000
-1.00000 -1.00000 -0.95791
-1.00000 -1.00000 -1.00000
-1.00000 -1.00000 -1.00000
-1.00000 -1.00000 -1.00000
-1.00000 -1.00000 -1.00000
-1.00000 -1.00000 -1.00000
-1.00000 -1.00000 -1.00000
-1.00000 -1.00000 -1.00000
-1.00000 -1.00000 -1.00000
-1.00000 -1.00000 -1.00000
-1.00000 -1.00000 -1.00000
-1.00000 -1.00000 -1.00000
-1.00000 -1.00000 -1.00000
-1.00000 -1.00000 -1.00000
-1.00000 -1.00000 -1.00000
-1.00000 -1.00000 -1.00000
-1.00000 -1.00000 -1.00000
-1.00000 -1.00000 -1.00000
-1.00000 -1.00000 -1.00000
-1.00000 -1.00000 -1.00000
-1.00000 -1.00000 -1.00000
-1.00000 -1.00000 -1.00000
-1.00000 -1.00000 -1.00000
-1.00000 -1.00000 -1.00000
-1.00000 -1.00000 -1.00000
-1.00000 -1.00000 -1.00000
-1.00000 -1.00000 -0.95824
-1.00000 -1.00000 -0.91004
-1.00000 -1.00000 -0.85843
-1.00000 -1.00000 -0.80350
-1.00000 -1.00000 -0.74535
-1.00000 -1.00000 -0.68409
-0.95752 -1.00000 -0.61982
-0.85540 -1.00000 -0.55269
-0.75026 -1.00000 -0.48286
-0.64243 -1.00000 -0.41051
-0.53220 -1.00000 -0.33584
-0.41990 -1.00000 -0.25902
-0.30586 -1.00000 -0.18025
-0.19041 -1.00000 -0.09974
-0.07388 -1.00000 -0.01768
 0.04339 -1.00000  0.06572
 0.16104 -1.00000  0.15025
 0.27875 -0.95762  0.23569
 0.39613 -0.89492  0.32180
 0.51281 -0.83120  0.40825
 0.62839 -0.76670  0.49478
 0.74252 -0.70169  0.58107
 0.85480 -0.63644  0.66684
 0.96487 -0.57118  0.75178
 1.00000 -0.50618  0.83561
 1.00000 -0.44167  0.91808
 1.00000 -0.37788  0.99895
 1.00000 -0.31502  1.00000
 1.00000 -0.25320  1.00000
 1.00000 -0.19254  1.00000
 1.00000 -0.13312  1.00000
 1.00000 -0.07507  1.00000
 1.00000 -0.01848  1.00000
 1.00000  0.03655  1.00000
 1.00000  0.08993  1.00000
 1.00000  0.14156  1.00000
 1.00000  0.19135  1.00000
 1.00000  0.23921  1.00000
 1.00000  0.28507  1.00000
 1.00000  0.32884  1.00000
 1.00000  0.37044  1.00000
 1.00000  0.40981  1.00000
 1.00000  0.44687  1.00000
 1.00000  0.48156  1.00000
 1.00000  0.51383  1.00000
 1.00000  0.54360  1.00000
 1.00000  0.57084  1.00000
 1.00000  0.59548  1.00000
 1.00000  0.61750  1.00000
 1.00000  0.63686  1.00000
 1.00000  0.65350  1.00000
 1.00000  0.66742  1.00000
 1.00000  0.67859  1.00000
 1.00000  0.68698  1.00000
 1.00000  0.69258  1.00000
 1.00000  0.69538  1.00000
-0.00000 -0.00000 -0.00000
