      79
-0.00000 -0.00000 -0.00000
-1.00000 -1.00000 -1.00000
-1.00000 -1.00000 -1.00000
-1.00000 -1.00000 -1.00000
-1.00000 -1.00000 -1.00000
-1.00000 -1.00000 -1.00000
-1.00000 -1.00000 -1.00000
-1.00000 -1.00000 -1.00000
-1.00000 -1.00000 -1.00000
-1.00000 -1.00000 -1.00000
-1.00000 -1.00000 -1.00000
-1.00000 -1.00000 -1.00000
-1.00000 -1.00000 -1.00000
-1.00000 -1.00000 -1.00000
-1.00000 -1.00000 -1.00000
-1.00000 -1.00000 -1.00000
-1.00000 -1.00000 -1.00000
-1.00000 -1.00000 -1.00000
-1.00000 -1.00000 -1.00000
-1.00000 -1.00000 -1.00000
-1.00000 -1.00000 -1.00000
-1.00000 -1.00000 -1.00000
-1.00000 -1.00000 -1.00000
-1.00000 -1.00000 -1.00000
-1.00000 -1.00000 -1.00000
-1.00000 -1.00000 -1.00000
-1.00000 -1.00000 -1.00000
-1.00000 -1.00000 -1.00000
-1.00000 -1.00000 -1.00000
-1.00000 -1.00000 -0.93373
-1.00000 -1.00000 -0.81717
-1.00000 -1.00000 -0.69536
-1.00000 -1.00000 -0.56865
-1.00000 -1.00000 -0.43739
-1.00000 -0.84013 -0.30195
-1.00000 -0.65996 -0.16289
-1.00000 -0.47637 -0.02078
-1.00000 -0.29024  0.12375
-1.00000 -0.10242  0.27012
-1.00000  0.08618  0.41770
-1.00000  0.27469  0.56587
-1.00000  0.46222  0.71401
-1.00000  0.64787  0.86150
-1.00000  0.83078  1.00000
-1.00000  1.00000  1.00000
-0.98849  1.00000  1.00000
-0.89570  1.00000  1.00000
-0.80304  1.00000  1.00000
-0.71074  1.00000  1.00000
-0.61900  1.00000  1.00000
-0.52806  1.00000  1.00000
-0.43813  1.00000  1.00000
-0.34942  1.00000  1.00000
-0.26215  1.00000  1.00000
-0.17653  1.00000  1.00000
-0.09277  1.00000  1.00000
-0.01106  1.00000  1.00000
 0.06841  1.00000  1.00000
 0.14543  1.00000  1.00000
 0.21982  1.00000  1.00000
 0.29142  1.00000  1.00000
 0.36004  1.00000  1.00000
 0.42552  1.00000  1.00000
 0.48770  1.00000  1.00000
 0.54644  1.00000  1.00000
 0.60159  1.00000  1.00000
 0.65303  1.00000  1.00000
 0.70062  1.00000  1.00000
 0.74426  1.00000  1.00000
 0.78383  1.00000  1.00000
 0.81926  1.00000  1.00000
 0.85044  1.00000  1.00000
 0.87731  1.00000  1.00000
 0.89980  1.00000  1.00000
 0.91785  1.00000  1.00000
 0.93143  1.00000  1.00000
 0.94050  1.00000  1.00000
 0.94504  1.00000  1.00000
-0.00000 -0.00000 -0.00000
