      79
-0.00000 -0.00000 -0.00000
-0.06787 -0.50000 -0.90201
-0.08129 -0.49390 -0.90425
-0.09410 -0.48816 -0.90613
-0.10636 -0.48275 -0.90767
-0.11815 -0.47765 -0.90891
-0.12954 -0.47283 -0.90987
-0.14058 -0.46828 -0.91059
-0.15133 -0.46398 -0.91107
-0.16184 -0.45992 -0.91132
-0.17216 -0.45607 -0.91136
-0.18234 -0.45244 -0.91119
-0.19242 -0.44900 -0.91082
-0.20246 -0.44575 -0.91024
-0.21248 -0.44267 -0.90946
-0.22255 -0.43977 -0.90846
-0.23272 -0.43703 -0.90723
-0.24303 -0.43446 -0.90576
-0.25354 -0.43203 -0.90404
-0.26431 -0.42976 -0.90204
-0.27541 -0.42764 -0.89972
-0.28692 -0.42566 -0.89706
-0.29891 -0.42382 -0.89400
-0.31150 -0.42214 -0.89050
-0.32478 -0.42059 -0.88648
-0.33890 -0.41919 -0.88184
-0.35402 -0.41794 -0.87648
-0.37031 -0.41683 -0.87026
-0.38801 -0.41586 -0.86298
-0.40741 -0.41504 -0.85439
-0.42883 -0.41434 -0.84419
-0.45272 -0.41375 -0.83192
-0.47959 -0.41322 -0.81698
-0.51013 -0.41269 -0.79854
-0.54517 -0.41202 -0.77541
-0.58571 -0.41096 -0.74583
-0.63297 -0.40909 -0.70725
-0.68819 -0.40561 -0.65582
-0.75222 -0.39907 -0.58577
-0.82439 -0.38688 -0.48881
-0.89987 -0.36465 -0.35424
-0.96544 -0.32615 -0.17256
-0.99731 -0.26587  0.05397
-0.97192 -0.18557  0.29860
-0.88890 -0.09800  0.51815
-0.77441 -0.01844  0.68423
-0.65717  0.04550  0.79642
-0.55266  0.09387  0.86832
-0.46502  0.12984  0.91385
-0.39312  0.15671  0.94293
-0.33434  0.17708  0.96181
-0.28604  0.19279  0.97429
-0.24601  0.20512  0.98266
-0.21252  0.21497  0.98835
-0.18424  0.22295  0.99226
-0.16015  0.22950  0.99494
-0.13946  0.23494  0.99678
-0.12158  0.23951  0.99804
-0.10602  0.24337  0.99887
-0.09242  0.24667  0.99942
-0.08048  0.24949  0.99975
-0.06997  0.25193  0.99993
-0.06068  0.25405  1.00000
-0.05247  0.25588  1.00000
-0.04519  0.25748  0.99994
-0.03876  0.25888  0.99985
-0.03308  0.26009  0.99974
-0.02807  0.26115  0.99962
-0.02367  0.26207  0.99949
-0.01984  0.26286  0.99937
-0.01652  0.26354  0.99925
-0.01369  0.26412  0.99914
-0.01131  0.26460  0.99904
-0.00937  0.26499  0.99896
-0.00783  0.26530  0.99889
-0.00669  0.26552  0.99884
-0.00594  0.26567  0.99880
-0.00556  0.26575  0.99878
-0.00000 -0.00000 -0.00000
