      89
-0.00000 -0.00000 -0.00000
-0.67695 -0.61390  1.00000
-0.75568 -0.66786  1.00000
-0.83197 -0.71942  1.00000
-0.90561 -0.76840  1.00000
-0.97639 -0.81461  1.00000
-1.00000 -0.85789  1.00000
-1.00000 -0.89814  1.00000
-1.00000 -0.93528  1.00000
-1.00000 -0.96924  1.00000
-1.00000 -0.99998  1.00000
-1.00000 -1.00000  1.00000
-1.00000 -1.00000  1.00000
-1.00000 -1.00000  1.00000
-1.00000 -1.00000  1.00000
-1.00000 -1.00000  1.00000
-1.00000 -1.00000  1.00000
-1.00000 -1.00000  1.00000
-1.00000 -1.00000  1.00000
-1.00000 -1.00000  1.00000
-1.00000 -1.00000  1.00000
-1.00000 -1.00000  1.00000
-1.00000 -1.00000  1.00000
-1.00000 -1.00000  1.00000
-1.00000 -1.00000  1.00000
-1.00000 -1.00000  1.00000
-1.00000 -1.00000  1.00000
-1.00000 -1.00000  1.00000
-1.00000 -0.99135  1.00000
-1.00000 -0.95967  1.00000
-1.00000 -0.92477  1.00000
-1.00000 -0.88672  1.00000
-1.00000 -0.84559  1.00000
-1.00000 -0.80144  1.00000
-1.00000 -0.75436  1.00000
-1.00000 -0.70442  1.00000
-1.00000 -0.65171  1.00000
-1.00000 -0.59633  1.00000
-1.00000 -0.53838  1.00000
-1.00000 -0.47795  0.88492
-1.00000 -0.41519  0.73317
-1.00000 -0.35026  0.57791
-1.00000 -0.28330  0.41968
-1.00000 -0.21450  0.25903
-1.00000 -0.14401  0.09651
-1.00000 -0.07201 -0.06729
-1.00000  0.00131 -0.23182
-1.00000  0.07580 -0.39648
-0.98825  0.15126 -0.56069
-0.92909  0.22749 -0.72388
-0.86869  0.30425 -0.88540
-0.80730  0.38128 -1.00000
-0.74516  0.45832 -1.00000
-0.68248  0.53518 -1.00000
-0.61948  0.61163 -1.00000
-0.55638  0.68746 -1.00000
-0.49338  0.76246 -1.00000
-0.43071  0.83644 -1.00000
-0.36857  0.90916 -1.00000
-0.30717  0.98044 -1.00000
-0.24673  1.00000 -1.00000
-0.18738  1.00000 -1.00000
-0.12922  1.00000 -1.00000
-0.07236  1.00000 -1.00000
-0.01690  1.00000 -1.00000
 0.03706  1.00000 -1.00000
 0.08943  1.00000 -1.00000
 0.14010  1.00000 -1.00000
 0.18899  1.00000 -1.00000
 0.23600  1.00000 -1.00000
 0.28107  1.00000 -1.00000
 0.32409  1.00000 -1.00000
 0.36500  1.00000 -1.00000
 0.40372  1.00000 -1.00000
 0.44019  1.00000 -1.00000
 0.47433  1.00000 -1.00000
 0.50609  1.00000 -1.00000
 0.53541  1.00000 -1.00000
 0.56223  1.00000 -1.00000
 0.58651  1.00000 -1.00000
 0.60820  1.00000 -1.00000
 0.62727  1.00000 -1.00000
 0.64368  1.00000 -1.00000
 0.65739  1.00000 -1.00000
 0.66840  1.00000 -1.00000
 0.67667  1.00000 -1.00000
 0.68219  1.00000 -1.00000
 0.68496  1.00000 -1.00000
-0.00000 -0.00000 -0.00000
