      86
-0.00000 -0.00000 -0.00000
-0.01573 -0.85855 -0.55199
-0.02526 -0.84685 -0.56945
-0.03434 -0.83547 -0.58554
-0.04303 -0.82444 -0.60042
-0.05139 -0.81373 -0.61421
-0.05945 -0.80334 -0.62703
-0.06726 -0.79324 -0.63898
-0.07486 -0.78342 -0.65015
-0.08228 -0.77387 -0.66062
-0.08955 -0.76455 -0.67044
-0.09672 -0.75545 -0.67970
-0.10380 -0.74655 -0.68843
-0.11083 -0.73783 -0.69670
-0.11785 -0.72925 -0.70453
-0.12487 -0.72080 -0.71198
-0.13193 -0.71246 -0.71906
-0.13907 -0.70419 -0.72583
-0.14631 -0.69598 -0.73230
-0.15369 -0.68780 -0.73849
-0.16124 -0.67961 -0.74444
-0.16901 -0.67139 -0.75015
-0.17704 -0.66310 -0.75565
-0.18537 -0.65471 -0.76095
-0.19405 -0.64618 -0.76607
-0.20315 -0.63745 -0.77100
-0.21274 -0.62847 -0.77577
-0.22289 -0.61919 -0.78037
-0.23369 -0.60953 -0.78480
-0.24524 -0.59941 -0.78906
-0.25767 -0.58873 -0.79314
-0.27113 -0.57735 -0.79700
-0.28578 -0.56514 -0.80062
-0.30184 -0.55191 -0.80395
-0.31956 -0.53743 -0.80691
-0.33924 -0.52139 -0.80940
-0.36128 -0.50341 -0.81124
-0.38613 -0.48300 -0.81220
-0.41437 -0.45949 -0.81193
-0.44670 -0.43198 -0.80988
-0.48397 -0.39928 -0.80524
-0.52715 -0.35972 -0.79673
-0.57725 -0.31105 -0.78236
-0.63505 -0.25028 -0.75903
-0.70049 -0.17363 -0.72196
-0.77128 -0.07705 -0.66426
-0.84078  0.04200 -0.57739
-0.89609  0.18075 -0.45432
-0.92044  0.32699 -0.29652
-0.90298  0.46082 -0.11971
-0.84829  0.56548  0.05185
-0.77272  0.63652  0.19953
-0.69250  0.67963  0.31718
-0.61741  0.70346  0.40743
-0.55130  0.71526  0.47595
-0.49470  0.71993  0.52824
-0.44674  0.72051  0.56864
-0.40616  0.71881  0.60034
-0.37171  0.71590  0.62560
-0.34232  0.71239  0.64605
-0.31710  0.70865  0.66282
-0.29531  0.70488  0.67675
-0.27639  0.70122  0.68845
-0.25987  0.69772  0.69836
-0.24538  0.69442  0.70684
-0.23261  0.69134  0.71414
-0.22132  0.68847  0.72047
-0.21131  0.68582  0.72598
-0.20242  0.68338  0.73080
-0.19451  0.68114  0.73503
-0.18746  0.67909  0.73875
-0.18119  0.67722  0.74202
-0.17562  0.67553  0.74490
-0.17067  0.67399  0.74744
-0.16629  0.67261  0.74967
-0.16243  0.67138  0.75161
-0.15905  0.67029  0.75331
-0.15613  0.66933  0.75477
-0.15363  0.66851  0.75601
-0.15152  0.66781  0.75706
-0.14979  0.66723  0.75791
-0.14843  0.66677  0.75858
-0.14741  0.66643  0.75908
-0.14674  0.66620  0.75941
-0.14641  0.66609  0.75957
-0.00000 -0.00000 -0.00000
