     101
 0.00000  0.00000  0.00000
 1.00000 -0.58980  1.00000
 1.00000 -0.59059  1.00000
 1.00000 -0.59217  1.00000
 1.00000 -0.59454  1.00000
 1.00000 -0.59768  1.00000
 1.00000 -0.60159  1.00000
 1.00000 -0.60625  1.00000
 1.00000 -0.61165  1.00000
 1.00000 -0.61777  1.00000
 1.00000 -0.62459  1.00000
 1.00000 -0.63208  1.00000
 1.00000 -0.64023  1.00000
 1.00000 -0.64901  1.00000
 0.97068 -0.65838  1.00000
 0.91745 -0.66829  1.00000
 0.86063 -0.67865  1.00000
 0.80038 -0.68938  1.00000
 0.73684 -0.70039  1.00000
 0.67017 -0.71158  1.00000
 0.60053 -0.72285  1.00000
 0.52810 -0.73409  1.00000
 0.45306 -0.74521  1.00000
 0.37560 -0.75609  1.00000
 0.29589 -0.76663  1.00000
 0.21415 -0.77671  1.00000
 0.13058 -0.78623  1.00000
 0.04537 -0.79508  1.00000
-0.04126 -0.80314  1.00000
-0.12911 -0.81031  1.00000
-0.21795 -0.81649  1.00000
-0.30757 -0.82156  0.95414
-0.39767 -0.82534  0.85372
-0.48786 -0.82757  0.75255
-0.57775 -0.82795  0.65108
-0.66694 -0.82624  0.54977
-0.75505 -0.82215  0.44905
-0.84169 -0.81545  0.34938
-0.92648 -0.80590  0.25118
-1.00000 -0.79326  0.15488
-1.00000 -0.77735  0.06087
-1.00000 -0.75803 -0.03060
-1.00000 -0.73522 -0.11929
-1.00000 -0.70883 -0.20499
-1.00000 -0.67879 -0.28748
-1.00000 -0.64506 -0.36656
-1.00000 -0.60759 -0.44205
-1.00000 -0.56638 -0.51377
-1.00000 -0.52144 -0.58158
-1.00000 -0.47280 -0.64533
-1.00000 -0.42049 -0.70489
-1.00000 -0.36458 -0.76015
-1.00000 -0.30517 -0.81103
-1.00000 -0.24234 -0.85743
-1.00000 -0.17624 -0.89931
-1.00000 -0.10700 -0.93662
-1.00000 -0.03478 -0.96932
-1.00000  0.04024 -0.99740
-1.00000  0.11787 -1.00000
-1.00000  0.19784 -1.00000
-1.00000  0.27989 -1.00000
-1.00000  0.36376 -1.00000
-1.00000  0.44917 -1.00000
-1.00000  0.53584 -1.00000
-1.00000  0.62347 -1.00000
-1.00000  0.71179 -1.00000
-1.00000  0.80050 -1.00000
-1.00000  0.88930 -1.00000
-1.00000  0.97790 -1.00000
-1.00000  1.00000 -0.99995
-1.00000  1.00000 -0.97506
-1.00000  1.00000 -0.94667
-1.00000  1.00000 -0.91487
-1.00000  1.00000 -0.87973
-1.00000  1.00000 -0.84136
-1.00000  1.00000 -0.79987
-1.00000  1.00000 -0.75537
-1.00000  1.00000 -0.70799
-1.00000  1.00000 -0.65786
-1.00000  1.00000 -0.60511
-1.00000  1.00000 -0.54991
-1.00000  1.00000 -0.49240
-1.00000  1.00000 -0.43275
-1.00000  1.00000 -0.37111
-1.00000  1.00000 -0.30768
-0.97554  1.00000 -0.24261
-0.89671  1.00000 -0.17615
-0.81596  1.00000 -0.10862
-0.73360  1.00000 -0.04036
-0.64995  1.00000  0.02828
-0.56532  1.00000  0.09695
-0.48005  1.00000  0.16531
-0.39445  1.00000  0.23300
-0.30884  1.00000  0.29967
-0.22355  1.00000  0.36499
-0.13890  1.00000  0.42860
-0.05520  1.00000  0.49017
 0.02725  1.00000  0.54937
 0.10814  1.00000  0.60589
 0.18718  1.00000  0.65942
 0.00000  0.00000  0.00000
