     101
 0.00000  0.00000  0.00000
-0.71734  0.97060  1.00000
-0.71731  0.96779  1.00000
-0.71725  0.96219  1.00000
-0.71715  0.95378  1.00000
-0.71700  0.94261  1.00000
-0.71682  0.92867  1.00000
-0.71658  0.91200  1.00000
-0.71627  0.89262  1.00000
-0.71590  0.87057  1.00000
-0.71544  0.84590  1.00000
-0.71489  0.81862  1.00000
-0.71422  0.78881  1.00000
-0.71343  0.75651  1.00000
-0.71250  0.72177  1.00000
-0.71141  0.68466  1.00000
-0.71014  0.64523  1.00000
-0.70867  0.60357  1.00000
-0.70699  0.55973  1.00000
-0.70507  0.51380  1.00000
-0.70290  0.46586  1.00000
-0.70044  0.41599  1.00000
-0.69769  0.36427  1.00000
-0.69461  0.31080  1.00000
-0.69118  0.25566  1.00000
-0.68739  0.19895  1.00000
-0.68320  0.14078  1.00000
-0.67859  0.08123  1.00000
-0.67354  0.02042  0.94449
-0.66799 -0.04149  0.88113
-0.66182 -0.10429  0.81655
-0.65496 -0.16780  0.75095
-0.64733 -0.23183  0.68453
-0.63884 -0.29617  0.61747
-0.62939 -0.36062  0.54998
-0.61890 -0.42500  0.48226
-0.60731 -0.48910  0.41451
-0.59453 -0.55273  0.34692
-0.58047 -0.61568  0.27971
-0.56508 -0.67776  0.21305
-0.54828 -0.73878  0.14715
-0.53001 -0.79856  0.08218
-0.51021 -0.85692  0.01835
-0.48883 -0.91365 -0.04418
-0.46581 -0.96860 -0.10523
-0.44112 -1.00000 -0.16463
-0.41473 -1.00000 -0.22224
-0.38665 -1.00000 -0.27798
-0.35688 -1.00000 -0.33174
-0.32543 -1.00000 -0.38346
-0.29232 -1.00000 -0.43306
-0.25757 -1.00000 -0.48045
-0.22121 -1.00000 -0.52558
-0.18327 -1.00000 -0.56837
-0.14379 -1.00000 -0.60876
-0.10283 -1.00000 -0.64672
-0.06042 -1.00000 -0.68218
-0.01665 -1.00000 -0.71510
 0.02845 -1.00000 -0.74544
 0.07480 -1.00000 -0.77317
 0.12233 -1.00000 -0.79827
 0.17094 -1.00000 -0.82070
 0.22056 -1.00000 -0.84046
 0.27111 -1.00000 -0.85753
 0.32249 -1.00000 -0.87191
 0.37459 -1.00000 -0.88359
 0.42730 -1.00000 -0.89258
 0.48054 -1.00000 -0.89889
 0.53419 -1.00000 -0.90254
 0.58812 -1.00000 -0.90354
 0.64223 -1.00000 -0.90191
 0.69639 -1.00000 -0.89770
 0.75048 -1.00000 -0.89092
 0.80437 -1.00000 -0.88163
 0.85794 -1.00000 -0.86986
 0.91104 -1.00000 -0.85566
 0.96354 -1.00000 -0.83908
 1.00000 -1.00000 -0.82019
 1.00000 -1.00000 -0.79903
 1.00000 -1.00000 -0.77564
 1.00000 -1.00000 -0.75006
 1.00000 -1.00000 -0.72234
 1.00000 -1.00000 -0.69252
 1.00000 -1.00000 -0.66068
 1.00000 -1.00000 -0.62685
 1.00000 -1.00000 -0.59111
 1.00000 -0.99863 -0.55351
 1.00000 -0.94430 -0.51413
 1.00000 -0.88792 -0.47311
 1.00000 -0.82965 -0.43059
 1.00000 -0.76964 -0.38673
 1.00000 -0.70806 -0.34168
 1.00000 -0.64508 -0.29560
 1.00000 -0.58086 -0.24866
 1.00000 -0.51557 -0.20101
 1.00000 -0.44940 -0.15284
 1.00000 -0.38253 -0.10431
 1.00000 -0.31512 -0.05559
 1.00000 -0.24738 -0.00687
 1.00000 -0.17947  0.04169
 0.00000  0.00000  0.00000
