      90
-0.00000 -0.00000 -0.00000
 0.25315 -0.17363  0.95653
 0.28327 -0.17605  0.94760
 0.31127 -0.17803  0.93840
 0.33735 -0.17960  0.92905
 0.36168 -0.18081  0.91961
 0.38443 -0.18169  0.91016
 0.40575 -0.18228  0.90074
 0.42579 -0.18258  0.89138
 0.44466 -0.18263  0.88211
 0.46248 -0.18243  0.87294
 0.47935 -0.18200  0.86388
 0.49537 -0.18136  0.85493
 0.51062 -0.18049  0.84609
 0.52519 -0.17942  0.83736
 0.53913 -0.17814  0.82873
 0.55253 -0.17665  0.82018
 0.56543 -0.17495  0.81170
 0.57790 -0.17304  0.80329
 0.58999 -0.17090  0.79491
 0.60175 -0.16853  0.78656
 0.61322 -0.16591  0.77821
 0.62446 -0.16304  0.76984
 0.63550 -0.15989  0.76142
 0.64639 -0.15645  0.75292
 0.65717 -0.15268  0.74432
 0.66787 -0.14856  0.73557
 0.67856 -0.14405  0.72663
 0.68926 -0.13912  0.71746
 0.70002 -0.13370  0.70801
 0.71089 -0.12775  0.69821
 0.72193 -0.12120  0.68798
 0.73317 -0.11396  0.67725
 0.74467 -0.10595  0.66590
 0.75650 -0.09703  0.65381
 0.76872 -0.08706  0.64084
 0.78139 -0.07589  0.62678
 0.79458 -0.06327  0.61141
 0.80836 -0.04897  0.59442
 0.82279 -0.03263  0.57544
 0.83791 -0.01386  0.55398
 0.85373  0.00788  0.52940
 0.87019  0.03325  0.50085
 0.88708  0.06309  0.46722
 0.90397  0.09845  0.42700
 0.91999  0.14060  0.37819
 0.93352  0.19101  0.31818
 0.94166  0.25113  0.24373
 0.93953  0.32184  0.15127
 0.91972  0.40232  0.03799
 0.87270  0.48827 -0.09574
 0.79026  0.57063 -0.24304
 0.67180  0.63738 -0.38938
 0.52867  0.67948 -0.51768
 0.37950  0.69601 -0.61703
 0.24045  0.69297 -0.68641
 0.11984  0.67827 -0.73129
 0.01926  0.65819 -0.75869
-0.06319  0.63663 -0.77453
-0.13054  0.61565 -0.78302
-0.18575  0.59618 -0.78692
-0.23134  0.57854 -0.78801
-0.26932  0.56275 -0.78738
-0.30125  0.54869 -0.78573
-0.32832  0.53621 -0.78350
-0.35147  0.52511 -0.78097
-0.37141  0.51524 -0.77831
-0.38869  0.50645 -0.77564
-0.40376  0.49860 -0.77302
-0.41697  0.49158 -0.77050
-0.42859  0.48530 -0.76810
-0.43884  0.47967 -0.76584
-0.44793  0.47462 -0.76373
-0.45598  0.47009 -0.76176
-0.46314  0.46603 -0.75994
-0.46949  0.46239 -0.75826
-0.47513  0.45913 -0.75673
-0.48012  0.45622 -0.75533
-0.48453  0.45364 -0.75407
-0.48841  0.45136 -0.75293
-0.49180  0.44936 -0.75193
-0.49474  0.44762 -0.75104
-0.49725  0.44612 -0.75027
-0.49936  0.44486 -0.74962
-0.50109  0.44383 -0.74907
-0.50245  0.44301 -0.74864
-0.50347  0.44240 -0.74832
-0.50414  0.44200 -0.74811
-0.50447  0.44180 -0.74800
-0.00000 -0.00000 -0.00000
