      84
-0.00000 -0.00000 -0.00000
 0.92295 -0.27016  0.31405
 0.91783 -0.26540  0.33255
 0.91264 -0.26097  0.34990
 0.90739 -0.25685  0.36622
 0.90210 -0.25303  0.38163
 0.89678 -0.24949  0.39622
 0.89143 -0.24622  0.41009
 0.88606 -0.24320  0.42331
 0.88067 -0.24043  0.43596
 0.87524 -0.23789  0.44811
 0.86978 -0.23558  0.45981
 0.86427 -0.23350  0.47113
 0.85870 -0.23162  0.48212
 0.85305 -0.22997  0.49281
 0.84732 -0.22852  0.50327
 0.84147 -0.22728  0.51353
 0.83550 -0.22626  0.52364
 0.82936 -0.22546  0.53364
 0.82305 -0.22487  0.54357
 0.81652 -0.22451  0.55347
 0.80974 -0.22439  0.56339
 0.80267 -0.22452  0.57337
 0.79525 -0.22492  0.58346
 0.78744 -0.22560  0.59371
 0.77915 -0.22658  0.60418
 0.77031 -0.22790  0.61492
 0.76083 -0.22958  0.62600
 0.75058 -0.23167  0.63749
 0.73943 -0.23421  0.64949
 0.72719 -0.23727  0.66207
 0.71365 -0.24092  0.67536
 0.69853 -0.24524  0.68946
 0.68147 -0.25034  0.70454
 0.66202 -0.25635  0.72073
 0.63958 -0.26344  0.73823
 0.61335 -0.27180  0.75721
 0.58225 -0.28168  0.77787
 0.54481 -0.29336  0.80035
 0.49900 -0.30718  0.82467
 0.44200 -0.32345  0.85056
 0.36992 -0.34243  0.87712
 0.27758 -0.36403  0.90215
 0.15869 -0.38730  0.92101
 0.00749 -0.40960  0.92500
-0.17674 -0.42547  0.90065
-0.38214 -0.42722  0.83360
-0.58145 -0.40904  0.71976
-0.74483 -0.37271  0.57425
-0.85887 -0.32693  0.42297
-0.92898 -0.28069  0.28573
-0.96811 -0.23911  0.17037
-0.98795 -0.20378  0.07667
-0.99650 -0.17447  0.00134
-0.99866 -0.15030 -0.05938
-0.99731 -0.13034 -0.10873
-0.99410 -0.11374 -0.14926
-0.98996 -0.09984 -0.18292
-0.98544 -0.08811 -0.21117
-0.98085 -0.07811 -0.23510
-0.97637 -0.06955 -0.25556
-0.97209 -0.06215 -0.27318
-0.96805 -0.05573 -0.28846
-0.96429 -0.05013 -0.30178
-0.96080 -0.04522 -0.31346
-0.95758 -0.04090 -0.32374
-0.95463 -0.03709 -0.33280
-0.95192 -0.03373 -0.34082
-0.94944 -0.03075 -0.34793
-0.94720 -0.02811 -0.35423
-0.94516 -0.02577 -0.35980
-0.94332 -0.02371 -0.36474
-0.94167 -0.02189 -0.36909
-0.94019 -0.02030 -0.37292
-0.93889 -0.01891 -0.37625
-0.93775 -0.01771 -0.37914
-0.93677 -0.01668 -0.38161
-0.93594 -0.01582 -0.38368
-0.93525 -0.01511 -0.38538
-0.93471 -0.01456 -0.38672
-0.93430 -0.01414 -0.38771
-0.93403 -0.01387 -0.38837
-0.93390 -0.01374 -0.38870
-0.00000 -0.00000 -0.00000
