     101
 0.00000  0.00000  0.00000
-1.00000 -0.59783  1.00000
-1.00000 -0.59836  1.00000
-1.00000 -0.59941  1.00000
-1.00000 -0.60099  1.00000
-1.00000 -0.60309  0.99332
-1.00000 -0.60570  0.97804
-1.00000 -0.60880  0.95975
-1.00000 -0.61236  0.93848
-1.00000 -0.61636  0.91426
-1.00000 -0.62076  0.88714
-1.00000 -0.62553  0.85718
-1.00000 -0.63064  0.82443
-1.00000 -0.63604  0.78894
-1.00000 -0.64169  0.75079
-1.00000 -0.64754  0.71004
-1.00000 -0.65354  0.66678
-1.00000 -0.65964  0.62107
-1.00000 -0.66578  0.57301
-1.00000 -0.67192  0.52269
-1.00000 -0.67798  0.47019
-1.00000 -0.68390  0.41562
-1.00000 -0.68964  0.35907
-1.00000 -0.69512  0.30065
-1.00000 -0.70029  0.24047
-1.00000 -0.70507  0.17864
-1.00000 -0.70941  0.11527
-1.00000 -0.71324  0.05047
-1.00000 -0.71650 -0.01562
-1.00000 -0.71913 -0.08290
-1.00000 -0.72105 -0.15124
-0.94864 -0.72222 -0.22051
-0.87798 -0.72250 -0.29052
-0.80636 -0.72173 -0.36105
-0.73398 -0.71974 -0.43186
-0.66107 -0.71640 -0.50273
-0.58784 -0.71154 -0.57343
-0.51452 -0.70501 -0.64374
-0.44132 -0.69668 -0.71343
-0.36845 -0.68639 -0.78227
-0.29613 -0.67403 -0.85005
-0.22457 -0.65947 -0.91654
-0.15398 -0.64260 -0.98152
-0.08456 -0.62330 -1.00000
-0.01644 -0.60152 -1.00000
 0.05025 -0.57723 -1.00000
 0.11540 -0.55039 -1.00000
 0.17891 -0.52099 -1.00000
 0.24067 -0.48903 -1.00000
 0.30059 -0.45451 -1.00000
 0.35856 -0.41744 -1.00000
 0.41450 -0.37784 -1.00000
 0.46831 -0.33575 -1.00000
 0.51992 -0.29121 -1.00000
 0.56925 -0.24428 -1.00000
 0.61623 -0.19502 -1.00000
 0.66078 -0.14349 -1.00000
 0.70285 -0.08980 -1.00000
 0.74238 -0.03403 -1.00000
 0.77932  0.02372 -1.00000
 0.81361  0.08333 -1.00000
 0.84523  0.14468 -1.00000
 0.87413  0.20764 -1.00000
 0.90028  0.27207 -1.00000
 0.92365  0.33782 -1.00000
 0.94424  0.40474 -1.00000
 0.96202  0.47266 -1.00000
 0.97699  0.54142 -1.00000
 0.98914  0.61083 -1.00000
 0.99847  0.68072 -1.00000
 1.00000  0.75090 -1.00000
 1.00000  0.82117 -1.00000
 1.00000  0.89132 -1.00000
 1.00000  0.96116 -1.00000
 1.00000  1.00000 -1.00000
 0.99626  1.00000 -1.00000
 0.98637  1.00000 -1.00000
 0.97381  1.00000 -1.00000
 0.95860  1.00000 -1.00000
 0.94075  1.00000 -1.00000
 0.92031  1.00000 -1.00000
 0.89731  1.00000 -1.00000
 0.87179  1.00000 -1.00000
 0.84380  1.00000 -1.00000
 0.81338  1.00000 -1.00000
 0.78060  1.00000 -1.00000
 0.74551  1.00000 -1.00000
 0.70818  1.00000 -1.00000
 0.66866  1.00000 -1.00000
 0.62704  1.00000 -1.00000
 0.58339  1.00000 -1.00000
 0.53778  1.00000 -0.99428
 0.49030  1.00000 -0.92507
 0.44113  1.00000 -0.85372
 0.39045  1.00000 -0.78042
 0.33843  1.00000 -0.70537
 0.28527  1.00000 -0.62879
 0.23115  1.00000 -0.55089
 0.17626  1.00000 -0.47188
 0.12082  1.00000 -0.39197
 0.00000  0.00000  0.00000
