     101
 0.00000  0.00000  0.00000
 1.00000  1.00000 -0.71984
 1.00000  1.00000 -0.71985
 1.00000  1.00000 -0.71987
 0.99472  1.00000 -0.71989
 0.98281  1.00000 -0.71992
 0.96795  1.00000 -0.71995
 0.95016  1.00000 -0.71996
 0.92949  1.00000 -0.71996
 0.90596  1.00000 -0.71992
 0.87963  1.00000 -0.71983
 0.85055  1.00000 -0.71969
 0.81875  1.00000 -0.71947
 0.78431  1.00000 -0.71915
 0.74729  1.00000 -0.71871
 0.70776  1.00000 -0.71814
 0.66579  1.00000 -0.71742
 0.62145  1.00000 -0.71652
 0.57483  1.00000 -0.71541
 0.52602  1.00000 -0.71408
 0.47510  1.00000 -0.71249
 0.42216  1.00000 -0.71063
 0.36731  1.00000 -0.70847
 0.31064  1.00000 -0.70597
 0.25227  1.00000 -0.70311
 0.19228  1.00000 -0.69987
 0.13081  1.00000 -0.69622
 0.06795  1.00000 -0.69214
 0.00383  0.95652 -0.68758
-0.06139  0.88775 -0.68249
-0.12748  0.81772 -0.67676
-0.19423  0.74666 -0.67029
-0.26142  0.67480 -0.66298
-0.32882  0.60238 -0.65473
-0.39623  0.52963 -0.64546
-0.46340  0.45679 -0.63505
-0.53013  0.38409 -0.62342
-0.59619  0.31177 -0.61047
-0.66137  0.24006 -0.59613
-0.72544  0.16918 -0.58031
-0.78821  0.09935 -0.56294
-0.84945  0.03080 -0.54394
-0.90898 -0.03627 -0.52324
-0.96659 -0.10164 -0.50080
-1.00000 -0.16513 -0.47654
-1.00000 -0.22657 -0.45046
-1.00000 -0.28586 -0.42253
-1.00000 -0.34289 -0.39276
-1.00000 -0.39756 -0.36115
-1.00000 -0.44980 -0.32773
-1.00000 -0.49950 -0.29250
-1.00000 -0.54661 -0.25550
-1.00000 -0.59104 -0.21677
-1.00000 -0.63273 -0.17632
-1.00000 -0.67162 -0.13423
-1.00000 -0.70767 -0.09054
-1.00000 -0.74082 -0.04531
-1.00000 -0.77105  0.00139
-1.00000 -0.79831  0.04949
-1.00000 -0.82260  0.09890
-1.00000 -0.84388  0.14954
-1.00000 -0.86216  0.20132
-1.00000 -0.87743  0.25414
-1.00000 -0.88968  0.30789
-1.00000 -0.89894  0.36247
-1.00000 -0.90523  0.41777
-1.00000 -0.90855  0.47365
-1.00000 -0.90895  0.53001
-1.00000 -0.90646  0.58671
-1.00000 -0.90113  0.64362
-1.00000 -0.89299  0.70061
-1.00000 -0.88212  0.75753
-1.00000 -0.86855  0.81424
-1.00000 -0.85237  0.87062
-1.00000 -0.83364  0.92649
-1.00000 -0.81243  0.98173
-1.00000 -0.78883  1.00000
-1.00000 -0.76290  1.00000
-1.00000 -0.73468  1.00000
-1.00000 -0.70423  1.00000
-1.00000 -0.67162  1.00000
-1.00000 -0.63692  1.00000
-1.00000 -0.60019  1.00000
-1.00000 -0.56150  1.00000
-1.00000 -0.52094  1.00000
-0.95785 -0.47858  1.00000
-0.90084 -0.43458  1.00000
-0.84191 -0.38909  1.00000
-0.78125 -0.34231  1.00000
-0.71901 -0.29440  1.00000
-0.65539 -0.24554  1.00000
-0.59058 -0.19594  1.00000
-0.52475 -0.14577  1.00000
-0.45810 -0.09523  1.00000
-0.39083 -0.04453  1.00000
-0.32312  0.00616  1.00000
-0.25518  0.05662  1.00000
-0.18720  0.10667  1.00000
-0.11938  0.15610  1.00000
-0.05190  0.20472  1.00000
 0.00000  0.00000  0.00000
