     101
 0.00000  0.00000  0.00000
-0.29242 -0.36966 -0.89515
-0.29196 -0.37011 -0.89511
-0.29103 -0.37100 -0.89504
-0.28963 -0.37235 -0.89494
-0.28774 -0.37417 -0.89479
-0.28534 -0.37647 -0.89459
-0.28242 -0.37927 -0.89434
-0.27894 -0.38260 -0.89401
-0.27486 -0.38648 -0.89360
-0.27015 -0.39096 -0.89309
-0.26474 -0.39607 -0.89246
-0.25859 -0.40186 -0.89167
-0.25160 -0.40840 -0.89070
-0.24371 -0.41574 -0.88950
-0.23479 -0.42396 -0.88802
-0.22473 -0.43317 -0.88617
-0.21338 -0.44346 -0.88389
-0.20055 -0.45495 -0.88105
-0.18603 -0.46779 -0.87750
-0.16956 -0.48215 -0.87306
-0.15082 -0.49819 -0.86747
-0.12942 -0.51614 -0.86040
-0.10491 -0.53621 -0.85142
-0.07672 -0.55864 -0.83993
-0.04417 -0.58364 -0.82514
-0.00649 -0.61138 -0.80599
 0.03720 -0.64190 -0.78104
 0.08785 -0.67498 -0.74842
 0.14627 -0.70995 -0.70571
 0.21294 -0.74539 -0.65000
 0.28746 -0.77882 -0.57814
 0.36801 -0.80645 -0.48749
 0.45071 -0.82346 -0.37712
 0.52972 -0.82503 -0.24935
 0.59842 -0.80817 -0.11043
 0.65155 -0.77330  0.03057
 0.68690 -0.72424  0.16457
 0.70553 -0.66664  0.28507
 0.71054 -0.60592  0.38916
 0.70559 -0.54611  0.47682
 0.69392 -0.48964  0.54970
 0.67802 -0.43764  0.61008
 0.65962 -0.39040  0.66026
 0.63984 -0.34774  0.70223
 0.61939 -0.30929  0.73766
 0.59869 -0.27457  0.76787
 0.57798 -0.24310  0.79391
 0.55736 -0.21445  0.81658
 0.53688 -0.18822  0.83653
 0.51654 -0.16406  0.85423
 0.49630 -0.14169  0.87009
 0.47610 -0.12084  0.88440
 0.45590 -0.10130  0.89741
 0.43562 -0.08287  0.90929
 0.41520 -0.06539  0.92021
 0.39456 -0.04872  0.93027
 0.37363 -0.03274  0.93956
 0.35235 -0.01735  0.94815
 0.33064 -0.00244  0.95609
 0.30843  0.01207  0.96342
 0.28564  0.02624  0.97014
 0.26221  0.04015  0.97626
 0.23807  0.05384  0.98177
 0.21313  0.06737  0.98665
 0.18734  0.08078  0.99087
 0.16062  0.09411  0.99438
 0.13291  0.10739  0.99712
 0.10414  0.12065  0.99902
 0.07426  0.13390  1.00000
 0.04322  0.14716  0.99996
 0.01096  0.16044  0.99879
-0.02252  0.17372  0.99637
-0.05726  0.18701  0.99257
-0.09324  0.20027  0.98724
-0.13045  0.21349  0.98023
-0.16881  0.22662  0.97139
-0.20827  0.23960  0.96055
-0.24869  0.25239  0.94758
-0.28993  0.26489  0.93232
-0.33180  0.27705  0.91466
-0.37407  0.28876  0.89450
-0.41648  0.29994  0.87179
-0.45875  0.31048  0.84652
-0.50057  0.32031  0.81870
-0.54162  0.32934  0.78844
-0.58157  0.33748  0.75586
-0.62013  0.34470  0.72116
-0.65700  0.35093  0.68457
-0.69194  0.35616  0.64638
-0.72474  0.36040  0.60688
-0.75524  0.36365  0.56640
-0.78335  0.36596  0.52525
-0.80899  0.36736  0.48375
-0.83218  0.36794  0.44220
-0.85295  0.36776  0.40085
-0.87136  0.36690  0.35994
-0.88752  0.36545  0.31969
-0.90155  0.36347  0.28024
-0.91359  0.36105  0.24173
 0.00000  0.00000  0.00000
