      82
-0.00000 -0.00000 -0.00000
-1.00000 -1.00000 -1.00000
-1.00000 -1.00000 -1.00000
-1.00000 -1.00000 -1.00000
-1.00000 -1.00000 -1.00000
-1.00000 -1.00000 -1.00000
-1.00000 -1.00000 -1.00000
-1.00000 -1.00000 -1.00000
-1.00000 -1.00000 -1.00000
-1.00000 -1.00000 -1.00000
-1.00000 -1.00000 -1.00000
-1.00000 -1.00000 -1.00000
-1.00000 -1.00000 -1.00000
-1.00000 -1.00000 -1.00000
-1.00000 -1.00000 -1.00000
-1.00000 -1.00000 -1.00000
-1.00000 -1.00000 -1.00000
-1.00000 -1.00000 -1.00000
-1.00000 -1.00000 -1.00000
-1.00000 -1.00000 -1.00000
-1.00000 -1.00000 -1.00000
-1.00000 -1.00000 -1.00000
-1.00000 -1.00000 -1.00000
-1.00000 -1.00000 -1.00000
-1.00000 -1.00000 -1.00000
-1.00000 -1.00000 -1.00000
-1.00000 -1.00000 -1.00000
-1.00000 -1.00000 -1.00000
-1.00000 -0.94642 -1.00000
-1.00000 -0.87978 -1.00000
-1.00000 -0.80930 -1.00000
-1.00000 -0.73512 -1.00000
-1.00000 -0.65739 -0.96204
-1.00000 -0.57630 -0.85605
-1.00000 -0.49207 -0.74692
-1.00000 -0.40496 -0.63499
-1.00000 -0.31521 -0.52061
-1.00000 -0.22308 -0.40413
-1.00000 -0.12883 -0.28592
-1.00000 -0.03273 -0.16635
-1.00000  0.06495 -0.04579
-1.00000  0.16392  0.07538
-1.00000  0.26391  0.19678
-1.00000  0.36463  0.31803
-0.93429  0.46580  0.43874
-0.86360  0.56705  0.55849
-0.79231  0.66798  0.67687
-0.72071  0.76823  0.79345
-0.64912  0.86740  0.90782
-0.57785  0.96513  1.00000
-0.50721  1.00000  1.00000
-0.43737  1.00000  1.00000
-0.36846  1.00000  1.00000
-0.30061  1.00000  1.00000
-0.23394  1.00000  1.00000
-0.16858  1.00000  1.00000
-0.10464  1.00000  1.00000
-0.04225  1.00000  1.00000
 0.01848  1.00000  1.00000
 0.07744  1.00000  1.00000
 0.13451  1.00000  1.00000
 0.18960  1.00000  1.00000
 0.24259  1.00000  1.00000
 0.29340  1.00000  1.00000
 0.34193  1.00000  1.00000
 0.38809  1.00000  1.00000
 0.43179  1.00000  1.00000
 0.47295  1.00000  1.00000
 0.51150  1.00000  1.00000
 0.54737  1.00000  1.00000
 0.58048  1.00000  1.00000
 0.61079  1.00000  1.00000
 0.63822  1.00000  1.00000
 0.66273  1.00000  1.00000
 0.68428  1.00000  1.00000
 0.70283  1.00000  1.00000
 0.71834  1.00000  1.00000
 0.73078  1.00000  1.00000
 0.74013  1.00000  1.00000
 0.74637  1.00000  1.00000
 0.74950  1.00000  1.00000
-0.00000 -0.00000 -0.00000
