     101
 0.00000  0.00000  0.00000
 0.09967 -0.17923  1.00000
 0.09948 -0.17980  0.99992
 0.09910 -0.18096  0.99974
 0.09852 -0.18271  0.99948
 0.09774 -0.18507  0.99913
 0.09675 -0.18805  0.99867
 0.09554 -0.19168  0.99809
 0.09409 -0.19599  0.99739
 0.09240 -0.20102  0.99655
 0.09043 -0.20683  0.99554
 0.08817 -0.21345  0.99435
 0.08558 -0.22096  0.99293
 0.08263 -0.22943  0.99126
 0.07929 -0.23895  0.98928
 0.07549 -0.24964  0.98693
 0.07119 -0.26160  0.98415
 0.06631 -0.27498  0.98084
 0.06077 -0.28997  0.97687
 0.05446 -0.30674  0.97211
 0.04726 -0.32555  0.96635
 0.03902 -0.34666  0.95935
 0.02955 -0.37039  0.95079
 0.01863 -0.39711  0.94022
 0.00598 -0.42724  0.92709
-0.00874 -0.46124  0.91062
-0.02592 -0.49961  0.88982
-0.04605 -0.54280  0.86331
-0.06965 -0.59116  0.82930
-0.09729 -0.64472  0.78545
-0.12943 -0.70291  0.72885
-0.16628 -0.76411  0.65616
-0.20747 -0.82508  0.56415
-0.25170 -0.88063  0.45077
-0.29649 -0.92399  0.31685
-0.33843 -0.94841  0.16747
-0.37413 -0.94971  0.01181
-0.40138 -0.92819 -0.13935
-0.41983 -0.88828 -0.27705
-0.43061 -0.83639 -0.39633
-0.43560 -0.77859 -0.49609
-0.43665 -0.71939 -0.57782
-0.43526 -0.66161 -0.64411
-0.43251 -0.60673 -0.69775
-0.42913 -0.55536 -0.74127
-0.42555 -0.50758 -0.77674
-0.42205 -0.46318 -0.80585
-0.41880 -0.42186 -0.82988
-0.41585 -0.38325 -0.84985
-0.41327 -0.34700 -0.86652
-0.41104 -0.31277 -0.88050
-0.40918 -0.28026 -0.89224
-0.40765 -0.24920 -0.90210
-0.40645 -0.21933 -0.91036
-0.40555 -0.19045 -0.91723
-0.40494 -0.16236 -0.92289
-0.40458 -0.13490 -0.92746
-0.40445 -0.10792 -0.93104
-0.40455 -0.08127 -0.93370
-0.40483 -0.05483 -0.93550
-0.40530 -0.02849 -0.93647
-0.40592 -0.00215 -0.93663
-0.40668  0.02428 -0.93599
-0.40755  0.05090 -0.93454
-0.40852  0.07779 -0.93226
-0.40957  0.10502 -0.92913
-0.41067  0.13266 -0.92510
-0.41179  0.16078 -0.92013
-0.41290  0.18943 -0.91416
-0.41399  0.21865 -0.90712
-0.41500  0.24850 -0.89893
-0.41591  0.27900 -0.88951
-0.41668  0.31018 -0.87876
-0.41725  0.34203 -0.86659
-0.41757  0.37456 -0.85287
-0.41760  0.40773 -0.83751
-0.41727  0.44150 -0.82038
-0.41651  0.47581 -0.80137
-0.41525  0.51055 -0.78036
-0.41343  0.54561 -0.75726
-0.41097  0.58084 -0.73197
-0.40780  0.61605 -0.70444
-0.40386  0.65104 -0.67461
-0.39906  0.68558 -0.64248
-0.39337  0.71941 -0.60808
-0.38674  0.75226 -0.57148
-0.37914  0.78385 -0.53281
-0.37056  0.81392 -0.49222
-0.36101  0.84220 -0.44993
-0.35052  0.86845 -0.40619
-0.33913  0.89247 -0.36130
-0.32691  0.91411 -0.31558
-0.31395  0.93325 -0.26933
-0.30033  0.94983 -0.22290
-0.28617  0.96383 -0.17660
-0.27157  0.97530 -0.13073
-0.25663  0.98432 -0.08556
-0.24145  0.99098 -0.04134
-0.22614  0.99545  0.00175
-0.21077  0.99786  0.04355
 0.00000  0.00000  0.00000
