     101
 0.00000  0.00000  0.00000
 0.61335 -0.29997  0.77591
 0.61346 -0.30063  0.77557
 0.61368 -0.30194  0.77489
 0.61400 -0.30393  0.77386
 0.61443 -0.30660  0.77246
 0.61497 -0.30999  0.77067
 0.61561 -0.31413  0.76848
 0.61636 -0.31906  0.76585
 0.61721 -0.32481  0.76274
 0.61815 -0.33147  0.75911
 0.61918 -0.33908  0.75489
 0.62029 -0.34775  0.75003
 0.62146 -0.35755  0.74442
 0.62269 -0.36861  0.73797
 0.62394 -0.38107  0.73056
 0.62517 -0.39507  0.72201
 0.62635 -0.41080  0.71215
 0.62739 -0.42848  0.70072
 0.62822 -0.44835  0.68742
 0.62869 -0.47071  0.67187
 0.62862 -0.49587  0.65359
 0.62775 -0.52420  0.63196
 0.62571 -0.55609  0.60619
 0.62199 -0.59192  0.57531
 0.61586 -0.63203  0.53804
 0.60629 -0.67658  0.49282
 0.59189 -0.72540  0.43781
 0.57081 -0.77770  0.37092
 0.54076 -0.83164  0.29012
 0.49918 -0.88396  0.19405
 0.44385 -0.92970  0.08294
 0.37383 -0.96273 -0.04027
 0.29057 -0.97728 -0.16949
 0.19823 -0.97011 -0.29632
 0.10283 -0.94206 -0.41251
 0.01032 -0.89754 -0.51239
-0.07503 -0.84260 -0.59382
-0.15108 -0.78291 -0.65760
-0.21749 -0.72268 -0.70615
-0.27494 -0.66452 -0.74232
-0.32461 -0.60977 -0.76878
-0.36775 -0.55894 -0.78776
-0.40551 -0.51205 -0.80099
-0.43890 -0.46884 -0.80980
-0.46874 -0.42897 -0.81516
-0.49570 -0.39203 -0.81781
-0.52034 -0.35764 -0.81827
-0.54309 -0.32544 -0.81692
-0.56429 -0.29511 -0.81407
-0.58425 -0.26635 -0.80989
-0.60319 -0.23891 -0.80456
-0.62130 -0.21255 -0.79815
-0.63873 -0.18707 -0.79073
-0.65561 -0.16230 -0.78234
-0.67205 -0.13807 -0.77298
-0.68813 -0.11424 -0.76266
-0.70391 -0.09067 -0.75134
-0.71945 -0.06724 -0.73898
-0.73477 -0.04385 -0.72554
-0.74991 -0.02040 -0.71094
-0.76487  0.00321 -0.69511
-0.77965  0.02706 -0.67797
-0.79421  0.05123 -0.65941
-0.80854  0.07578 -0.63933
-0.82257  0.10077 -0.61762
-0.83622  0.12625 -0.59415
-0.84941  0.15224 -0.56881
-0.86202  0.17875 -0.54148
-0.87390  0.20580 -0.51203
-0.88489  0.23335 -0.48035
-0.89481  0.26134 -0.44637
-0.90343  0.28970 -0.41001
-0.91054  0.31832 -0.37124
-0.91588  0.34706 -0.33007
-0.91920  0.37572 -0.28656
-0.92028  0.40411 -0.24085
-0.91887  0.43199 -0.19311
-0.91478  0.45909 -0.14362
-0.90788  0.48516 -0.09270
-0.89807  0.50993 -0.04075
-0.88534  0.53316  0.01179
-0.86975  0.55462  0.06447
-0.85143  0.57415  0.11678
-0.83060  0.59161  0.16827
-0.80753  0.60694  0.21851
-0.78252  0.62012  0.26710
-0.75591  0.63119  0.31373
-0.72805  0.64023  0.35815
-0.69928  0.64737  0.40019
-0.66992  0.65274  0.43972
-0.64027  0.65652  0.47671
-0.61059  0.65887  0.51117
-0.58108  0.65997  0.54315
-0.55193  0.65998  0.57274
-0.52327  0.65906  0.60004
-0.49523  0.65736  0.62518
-0.46787  0.65501  0.64829
-0.44124  0.65212  0.66953
-0.41538  0.64880  0.68901
 0.00000  0.00000  0.00000
