     101
 0.00000  0.00000  0.00000
-0.53768 -1.00000  1.00000
-0.53834 -1.00000  1.00000
-0.53967 -1.00000  1.00000
-0.54167 -1.00000  1.00000
-0.54431 -1.00000  0.99309
-0.54760 -1.00000  0.97794
-0.55151 -1.00000  0.95980
-0.55601 -1.00000  0.93870
-0.56108 -1.00000  0.91468
-0.56667 -1.00000  0.88779
-0.57277 -1.00000  0.85806
-0.57931 -1.00000  0.82557
-0.58625 -1.00000  0.79035
-0.59356 -1.00000  0.75249
-0.60117 -1.00000  0.71205
-0.60904 -1.00000  0.66910
-0.61710 -1.00000  0.62372
-0.62529 -1.00000  0.57600
-0.63356 -1.00000  0.52601
-0.64184 -1.00000  0.47386
-0.65007 -1.00000  0.41963
-0.65817 -1.00000  0.36342
-0.66607 -1.00000  0.30534
-0.67372 -1.00000  0.24549
-0.68104 -1.00000  0.18398
-0.68795 -1.00000  0.12092
-0.69440 -1.00000  0.05642
-0.70030 -1.00000 -0.00939
-0.70558 -1.00000 -0.07641
-0.71019 -1.00000 -0.14451
-0.71405 -0.99811 -0.21357
-0.71709 -0.92792 -0.28345
-0.71915 -0.85666 -0.35395
-0.72006 -0.78453 -0.42484
-0.71966 -0.71175 -0.49590
-0.71780 -0.63854 -0.56690
-0.71432 -0.56509 -0.63762
-0.70906 -0.49164 -0.70783
-0.70189 -0.41838 -0.77732
-0.69266 -0.34553 -0.84586
-0.68124 -0.27329 -0.91323
-0.66752 -0.20188 -0.97921
-0.65136 -0.13148 -1.00000
-0.63271 -0.06225 -1.00000
-0.61152  0.00571 -1.00000
-0.58776  0.07228 -1.00000
-0.56140  0.13735 -1.00000
-0.53242  0.20081 -1.00000
-0.50081  0.26257 -1.00000
-0.46659  0.32252 -1.00000
-0.42976  0.38056 -1.00000
-0.39035  0.43662 -1.00000
-0.34840  0.49060 -1.00000
-0.30394  0.54242 -1.00000
-0.25704  0.59200 -1.00000
-0.20775  0.63927 -1.00000
-0.15615  0.68415 -1.00000
-0.10234  0.72659 -1.00000
-0.04640  0.76653 -1.00000
 0.01157  0.80391 -1.00000
 0.07144  0.83868 -1.00000
 0.13309  0.87081 -1.00000
 0.19640  0.90024 -1.00000
 0.26121  0.92694 -1.00000
 0.32739  0.95089 -1.00000
 0.39477  0.97207 -1.00000
 0.46319  0.99045 -1.00000
 0.53247  1.00000 -1.00000
 0.60244  1.00000 -1.00000
 0.67289  1.00000 -1.00000
 0.74361  1.00000 -1.00000
 0.81441  1.00000 -1.00000
 0.88507  1.00000 -1.00000
 0.95540  1.00000 -1.00000
 1.00000  1.00000 -1.00000
 1.00000  1.00000 -1.00000
 1.00000  1.00000 -1.00000
 1.00000  1.00000 -1.00000
 1.00000  0.99602 -1.00000
 1.00000  0.97895 -1.00000
 1.00000  0.95925 -1.00000
 1.00000  0.93693 -1.00000
 1.00000  0.91204 -1.00000
 1.00000  0.88463 -1.00000
 1.00000  0.85473 -1.00000
 1.00000  0.82241 -1.00000
 1.00000  0.78772 -1.00000
 1.00000  0.75072 -1.00000
 1.00000  0.71147 -1.00000
 1.00000  0.67004 -1.00000
 1.00000  0.62650 -1.00000
 1.00000  0.58093 -1.00000
 1.00000  0.53341 -0.97747
 1.00000  0.48405 -0.90546
 1.00000  0.43302 -0.83136
 1.00000  0.38050 -0.75536
 1.00000  0.32668 -0.67767
 1.00000  0.27173 -0.59850
 1.00000  0.21586 -0.51807
 0.00000  0.00000  0.00000
