     101
 0.00000  0.00000  0.00000
 0.93586 -1.00000  0.69458
 0.93320 -1.00000  0.69457
 0.92788 -1.00000  0.69453
 0.91991 -1.00000  0.69447
 0.90931 -1.00000  0.69439
 0.89609 -1.00000  0.69428
 0.88028 -1.00000  0.69413
 0.86190 -1.00000  0.69393
 0.84098 -1.00000  0.69367
 0.81755 -1.00000  0.69335
 0.79166 -1.00000  0.69294
 0.76334 -1.00000  0.69245
 0.73265 -1.00000  0.69184
 0.69964 -1.00000  0.69111
 0.66436 -1.00000  0.69024
 0.62686 -1.00000  0.68921
 0.58722 -1.00000  0.68801
 0.54549 -1.00000  0.68660
 0.50174 -1.00000  0.68498
 0.45605 -1.00000  0.68313
 0.40850 -1.00000  0.68101
 0.35915 -1.00000  0.67861
 0.30810 -1.00000  0.67591
 0.25542 -1.00000  0.67289
 0.20121 -1.00000  0.66952
 0.14555 -1.00000  0.66577
 0.08853 -1.00000  0.66163
 0.03026 -0.97170  0.65708
-0.02915 -0.91110  0.65206
-0.08952 -0.84923  0.64649
-0.15067 -0.78628  0.64029
-0.21242 -0.72241  0.63338
-0.27458 -0.65781  0.62567
-0.33699 -0.59266  0.61708
-0.39945 -0.52713  0.60754
-0.46178 -0.46142  0.59696
-0.52379 -0.39569  0.58527
-0.58531 -0.33014  0.57240
-0.64614 -0.26494  0.55826
-0.70612 -0.20026  0.54281
-0.76506 -0.13630  0.52597
-0.82279 -0.07320  0.50768
-0.87914 -0.01115  0.48789
-0.93394  0.04969  0.46656
-0.98702  0.10916  0.44363
-1.00000  0.16710  0.41907
-1.00000  0.22342  0.39287
-1.00000  0.27802  0.36503
-1.00000  0.33083  0.33556
-1.00000  0.38176  0.30448
-1.00000  0.43074  0.27178
-1.00000  0.47770  0.23752
-1.00000  0.52258  0.20170
-1.00000  0.56531  0.16437
-1.00000  0.60582  0.12556
-1.00000  0.64408  0.08533
-1.00000  0.68003  0.04371
-1.00000  0.71362  0.00077
-1.00000  0.74481 -0.04343
-1.00000  0.77356 -0.08882
-1.00000  0.79985 -0.13534
-1.00000  0.82364 -0.18291
-1.00000  0.84492 -0.23145
-1.00000  0.86366 -0.28087
-1.00000  0.87986 -0.33108
-1.00000  0.89349 -0.38198
-1.00000  0.90457 -0.43349
-1.00000  0.91308 -0.48550
-1.00000  0.91903 -0.53789
-1.00000  0.92243 -0.59057
-1.00000  0.92330 -0.64342
-1.00000  0.92165 -0.69633
-1.00000  0.91750 -0.74917
-1.00000  0.91089 -0.80183
-1.00000  0.90183 -0.85419
-1.00000  0.89037 -0.90612
-1.00000  0.87654 -0.95749
-1.00000  0.86038 -1.00000
-1.00000  0.84194 -1.00000
-1.00000  0.82125 -1.00000
-1.00000  0.79835 -1.00000
-1.00000  0.77326 -1.00000
-1.00000  0.74604 -1.00000
-1.00000  0.71673 -1.00000
-1.00000  0.68537 -1.00000
-1.00000  0.65203 -1.00000
-1.00000  0.61676 -1.00000
-0.98237  0.57961 -1.00000
-0.92733  0.54068 -1.00000
-0.87029  0.50009 -1.00000
-0.81140  0.45797 -1.00000
-0.75079  0.41448 -1.00000
-0.68864  0.36975 -1.00000
-0.62509  0.32394 -1.00000
-0.56031  0.27720 -1.00000
-0.49447  0.22968 -1.00000
-0.42773  0.18155 -1.00000
-0.36027  0.13296 -1.00000
-0.29226  0.08408 -1.00000
 0.00000  0.00000  0.00000
