      82
-0.00000 -0.00000 -0.00000
-0.43131 -0.28940 -0.85550
-0.44555 -0.28094 -0.85102
-0.45894 -0.27300 -0.84647
-0.47159 -0.26555 -0.84188
-0.48358 -0.25854 -0.83724
-0.49500 -0.25194 -0.83257
-0.50591 -0.24572 -0.82785
-0.51638 -0.23985 -0.82310
-0.52647 -0.23431 -0.81829
-0.53623 -0.22908 -0.81342
-0.54571 -0.22412 -0.80848
-0.55495 -0.21944 -0.80346
-0.56401 -0.21501 -0.79834
-0.57291 -0.21081 -0.79310
-0.58170 -0.20684 -0.78773
-0.59042 -0.20308 -0.78220
-0.59911 -0.19953 -0.77648
-0.60781 -0.19618 -0.77055
-0.61656 -0.19301 -0.76438
-0.62540 -0.19004 -0.75791
-0.63438 -0.18724 -0.75112
-0.64354 -0.18463 -0.74393
-0.65294 -0.18220 -0.73630
-0.66264 -0.17994 -0.72815
-0.67269 -0.17788 -0.71939
-0.68318 -0.17600 -0.70990
-0.69418 -0.17433 -0.69957
-0.70578 -0.17286 -0.68823
-0.71810 -0.17162 -0.67568
-0.73126 -0.17062 -0.66168
-0.74539 -0.16989 -0.64591
-0.76068 -0.16945 -0.62796
-0.77730 -0.16935 -0.60729
-0.79546 -0.16962 -0.58321
-0.81541 -0.17031 -0.55477
-0.83735 -0.17149 -0.52069
-0.86143 -0.17321 -0.47917
-0.88765 -0.17550 -0.42773
-0.91551 -0.17837 -0.36289
-0.94358 -0.18165 -0.27987
-0.96837 -0.18490 -0.17246
-0.98262 -0.18705 -0.03382
-0.97335 -0.18605  0.14016
-0.92291 -0.17893  0.34337
-0.81879 -0.16330  0.55189
-0.66910 -0.14006  0.73100
-0.50203 -0.11361  0.85833
-0.34524 -0.08854  0.93522
-0.21220 -0.06721  0.97577
-0.10452 -0.04998  0.99411
-0.01872 -0.03634  1.00000
 0.04971 -0.02556  0.99927
 0.10475 -0.01698  0.99519
 0.14952 -0.01008  0.98955
 0.18639 -0.00448  0.98332
 0.21710  0.00012  0.97700
 0.24295  0.00394  0.97089
 0.26492  0.00714  0.96511
 0.28374  0.00984  0.95972
 0.29999  0.01214  0.95474
 0.31411  0.01411  0.95016
 0.32643  0.01581  0.94597
 0.33724  0.01728  0.94215
 0.34676  0.01855  0.93866
 0.35515  0.01966  0.93550
 0.36257  0.02063  0.93262
 0.36913  0.02148  0.93003
 0.37494  0.02222  0.92768
 0.38007  0.02287  0.92558
 0.38458  0.02344  0.92370
 0.38854  0.02393  0.92203
 0.39199  0.02436  0.92055
 0.39498  0.02472  0.91927
 0.39753  0.02503  0.91816
 0.39967  0.02529  0.91722
 0.40142  0.02550  0.91645
 0.40280  0.02567  0.91584
 0.40382  0.02579  0.91539
 0.40450  0.02587  0.91508
 0.40484  0.02591  0.91493
-0.00000 -0.00000 -0.00000
