      87
-0.00000 -0.00000 -0.00000
 0.84874 -1.00000  1.00000
 0.90111 -1.00000  1.00000
 0.95012 -1.00000  1.00000
 0.99566 -1.00000  1.00000
 1.00000 -1.00000  1.00000
 1.00000 -1.00000  1.00000
 1.00000 -1.00000  1.00000
 1.00000 -1.00000  1.00000
 1.00000 -1.00000  1.00000
 1.00000 -1.00000  1.00000
 1.00000 -1.00000  1.00000
 1.00000 -1.00000  1.00000
 1.00000 -1.00000  1.00000
 1.00000 -1.00000  1.00000
 1.00000 -1.00000  1.00000
 1.00000 -1.00000  1.00000
 1.00000 -1.00000  1.00000
 1.00000 -1.00000  1.00000
 1.00000 -1.00000  1.00000
 1.00000 -1.00000  1.00000
 1.00000 -1.00000  1.00000
 1.00000 -1.00000  1.00000
 1.00000 -1.00000  1.00000
 1.00000 -1.00000  1.00000
 1.00000 -1.00000  1.00000
 1.00000 -1.00000  1.00000
 1.00000 -1.00000  1.00000
 1.00000 -1.00000  1.00000
 0.97863 -1.00000  1.00000
 0.93176 -1.00000  1.00000
 0.88146 -1.00000  1.00000
 0.82783 -1.00000  1.00000
 0.77096 -1.00000  1.00000
 0.71096 -1.00000  1.00000
 0.64795 -1.00000  1.00000
 0.58204 -1.00000  1.00000
 0.51335 -1.00000  0.99439
 0.44202 -1.00000  0.84487
 0.36823 -1.00000  0.69147
 0.29219 -1.00000  0.53475
 0.21410 -1.00000  0.37525
 0.13417 -1.00000  0.21356
 0.05261 -1.00000  0.05024
-0.03036 -1.00000 -0.11411
-0.11451 -1.00000 -0.27890
-0.19964 -1.00000 -0.44355
-0.28552 -1.00000 -0.60744
-0.37191 -0.95554 -0.77000
-0.45854 -0.88793 -0.93060
-0.54509 -0.81952 -1.00000
-0.63128 -0.75058 -1.00000
-0.71687 -0.68135 -1.00000
-0.80161 -0.61209 -1.00000
-0.88525 -0.54304 -1.00000
-0.96753 -0.47446 -1.00000
-1.00000 -0.40658 -1.00000
-1.00000 -0.33958 -1.00000
-1.00000 -0.27358 -1.00000
-1.00000 -0.20871 -1.00000
-1.00000 -0.14509 -1.00000
-1.00000 -0.08285 -1.00000
-1.00000 -0.02209 -1.00000
-1.00000  0.03707 -1.00000
-1.00000  0.09452 -1.00000
-1.00000  0.15015 -1.00000
-1.00000  0.20385 -1.00000
-1.00000  0.25552 -1.00000
-1.00000  0.30508 -1.00000
-1.00000  0.35242 -1.00000
-1.00000  0.39745 -1.00000
-1.00000  0.44009 -1.00000
-1.00000  0.48026 -1.00000
-1.00000  0.51789 -1.00000
-1.00000  0.55290 -1.00000
-1.00000  0.58524 -1.00000
-1.00000  0.61482 -1.00000
-1.00000  0.64161 -1.00000
-1.00000  0.66556 -1.00000
-1.00000  0.68660 -1.00000
-1.00000  0.70472 -1.00000
-1.00000  0.71987 -1.00000
-1.00000  0.73202 -1.00000
-1.00000  0.74116 -1.00000
-1.00000  0.74725 -1.00000
-1.00000  0.75031 -1.00000
-0.00000 -0.00000 -0.00000
