      89
-0.00000 -0.00000 -0.00000
-0.02738 -0.49814  0.87153
-0.02413 -0.52291  0.85699
-0.02091 -0.54574  0.84272
-0.01774 -0.56683  0.82876
-0.01459 -0.58635  0.81513
-0.01145 -0.60447  0.80184
-0.00831 -0.62133  0.78888
-0.00517 -0.63707  0.77626
-0.00201 -0.65179  0.76396
 0.00118 -0.66560  0.75196
 0.00441 -0.67859  0.74024
 0.00770 -0.69084  0.72879
 0.01104 -0.70243  0.71758
 0.01446 -0.71343  0.70659
 0.01798 -0.72388  0.69580
 0.02159 -0.73385  0.68517
 0.02533 -0.74338  0.67468
 0.02920 -0.75253  0.66431
 0.03322 -0.76132  0.65402
 0.03742 -0.76980  0.64379
 0.04181 -0.77800  0.63358
 0.04642 -0.78596  0.62336
 0.05127 -0.79370  0.61309
 0.05640 -0.80125  0.60273
 0.06184 -0.80863  0.59224
 0.06762 -0.81588  0.58157
 0.07380 -0.82302  0.57066
 0.08043 -0.83006  0.55946
 0.08755 -0.83702  0.54789
 0.09525 -0.84393  0.53588
 0.10361 -0.85080  0.52332
 0.11271 -0.85764  0.51011
 0.12268 -0.86446  0.49611
 0.13365 -0.87125  0.48116
 0.14579 -0.87802  0.46506
 0.15929 -0.88474  0.44757
 0.17440 -0.89136  0.42839
 0.19142 -0.89781  0.40714
 0.21072 -0.90395  0.38332
 0.23275 -0.90958  0.35630
 0.25807 -0.91436  0.32528
 0.28737 -0.91774  0.28918
 0.32147 -0.91886  0.24660
 0.36131 -0.91630  0.19571
 0.40783 -0.90782  0.13418
 0.46170 -0.88982  0.05924
 0.52269 -0.85687 -0.03198
 0.58850 -0.80136 -0.14122
 0.65313 -0.71463 -0.26681
 0.70626 -0.59097 -0.40052
 0.73625 -0.43419 -0.52714
 0.73700 -0.26051 -0.63042
 0.71224 -0.09143 -0.70201
 0.67202  0.05738 -0.74401
 0.62615  0.18019 -0.76415
 0.58100  0.27831 -0.77035
 0.53959  0.35586 -0.76855
 0.50295  0.41725 -0.76250
 0.47104  0.46626 -0.75444
 0.44342  0.50582 -0.74564
 0.41954  0.53813 -0.73679
 0.39884  0.56484 -0.72824
 0.38084  0.58716 -0.72018
 0.36513  0.60599 -0.71268
 0.35135  0.62203 -0.70575
 0.33923  0.63579 -0.69939
 0.32852  0.64769 -0.69357
 0.31903  0.65803 -0.68825
 0.31060  0.66706 -0.68339
 0.30309  0.67498 -0.67897
 0.29639  0.68196 -0.67494
 0.29041  0.68811 -0.67128
 0.28507  0.69355 -0.66796
 0.28031  0.69836 -0.66496
 0.27606  0.70262 -0.66225
 0.27228  0.70637 -0.65981
 0.26894  0.70968 -0.65763
 0.26598  0.71258 -0.65569
 0.26340  0.71511 -0.65398
 0.26115  0.71730 -0.65249
 0.25923  0.71917 -0.65120
 0.25761  0.72073 -0.65011
 0.25628  0.72201 -0.64921
 0.25523  0.72303 -0.64850
 0.25445  0.72378 -0.64797
 0.25394  0.72427 -0.64762
 0.25368  0.72452 -0.64744
-0.00000 -0.00000 -0.00000
