fsz_nos_29_nb_3
-0.2276  -0.6662  -0.7102  100.0
0.9342  0.3568  0.0000  1000.0
0.8090  0.5000  0.3090  2000.0
-0.3568  0.0000  0.9342  1000.0
0.3090  0.8090  0.5000  2000.0
-0.5774  0.5774  0.5774  1000.0
0.3090  0.8090  -0.5000  2000.0
0.3568  0.0000  0.9342  1000.0
-0.5000  -0.3090  0.8090  2000.0
0.8090  0.5000  -0.3090  2000.0
0.9342  -0.3568  0.0000  1000.0
-0.8090  0.5000  0.3090  2000.0
0.0894  0.4282  -0.8992  100.0
-0.5000  0.3090  0.8090  2000.0
0.0000  0.9342  0.3568  1000.0
1.0000  0.0000  0.0000  2000.0
-0.9406  -0.3146  0.1278  100.0
0.5000  -0.3090  0.8090  2000.0
0.0000  0.9342  -0.3568  1000.0
0.0000  1.0000  0.0000  2000.0
0.5774  0.5774  -0.5774  1000.0
-0.3090  0.8090  0.5000  2000.0
0.3090  -0.8090  0.5000  2000.0
0.5774  -0.5774  0.5774  1000.0
0.0000  0.0000  1.0000  2000.0
0.6238  -0.7791  0.0621  100.0
0.5000  0.3090  0.8090  2000.0
0.5774  0.5774  0.5774  1000.0
0.8090  -0.5000  0.3090  2000.0
