fsz_nos_31_nb_3
0.0000  0.5257  0.8507  100.0
0.5774  0.5774  -0.5774  1000.0
-0.5000  -0.3090  0.8090  2000.0
0.8507  0.0000  0.5257  100.0
0.0000  1.0000  0.0000  2000.0
0.5257  0.8507  0.0000  100.0
0.8090  0.5000  0.3090  2000.0
-0.5774  0.5774  0.5774  1000.0
0.3090  0.8090  0.5000  2000.0
0.0000  0.5257  -0.8507  100.0
-0.8090  0.5000  0.3090  2000.0
0.0000  0.9342  0.3568  1000.0
0.8090  0.5000  -0.3090  2000.0
0.5774  0.5774  0.5774  1000.0
1.0000  0.0000  0.0000  2000.0
-0.8507  0.0000  0.5257  100.0
-0.3090  0.8090  0.5000  2000.0
0.9342  -0.3568  0.0000  1000.0
0.0000  0.0000  1.0000  2000.0
0.5774  -0.5774  0.5774  1000.0
0.8090  -0.5000  0.3090  2000.0
0.0000  0.9342  -0.3568  1000.0
0.3090  -0.8090  0.5000  2000.0
-0.3568  0.0000  0.9342  1000.0
0.5000  -0.3090  0.8090  2000.0
0.9342  0.3568  0.0000  1000.0
-0.5000  0.3090  0.8090  2000.0
0.5257  -0.8507  0.0000  100.0
0.3090  0.8090  -0.5000  2000.0
0.3568  0.0000  0.9342  1000.0
0.5000  0.3090  0.8090  2000.0
