fsz_nos_32_nb_4
-0.0129  0.9979  -0.0633  100.0
-0.7524  -0.4863  -0.4443  100.0
0.7125  -0.4911  0.5011  2000.0
-0.2594  0.4821  0.8368  1400.0
0.9374  0.2435  0.2491  1400.0
0.1628  0.3074  -0.9375  2000.0
0.0197  -0.9019  0.4314  1400.0
-0.3549  -0.8684  -0.3464  1400.0
-0.2594  0.4821  0.8368  2000.0
0.6803  0.4177  -0.6022  100.0
0.6803  0.4177  -0.6022  700.0
-0.8979  0.4389  0.0330  100.0
0.4647  0.1864  0.8656  2000.0
0.7125  -0.4911  0.5011  1400.0
0.4647  0.1864  0.8656  1400.0
-0.3549  -0.8684  -0.3464  2000.0
-0.2223  0.4987  0.8378  700.0
0.8850  -0.1927  -0.4239  1400.0
0.6970  0.5883  -0.4100  2000.0
0.6970  0.5883  -0.4100  1400.0
-0.4899  0.8513  0.1876  1400.0
0.9374  0.2435  0.2491  2000.0
-0.3394  0.3897  -0.8561  700.0
-0.8979  0.4389  0.0330  700.0
-0.0129  0.9979  -0.0633  700.0
0.0197  -0.9019  0.4314  2000.0
-0.2223  0.4987  0.8378  100.0
-0.3394  0.3897  -0.8561  100.0
0.8850  -0.1927  -0.4239  2000.0
0.1628  0.3074  -0.9375  1400.0
-0.7524  -0.4863  -0.4443  700.0
-0.4899  0.8513  0.1876  2000.0
