    1002
 0.00000  0.00000  0.00000
 0.01159  0.01157 -0.00593
 0.02318  0.02313 -0.01186
 0.04632  0.04622 -0.02370
 0.06939  0.06925 -0.03551
 0.09237  0.09218 -0.04726
 0.11520  0.11497 -0.05895
 0.13787  0.13759 -0.07055
 0.16034  0.16001 -0.08204
 0.18258  0.18220 -0.09342
 0.20455  0.20413 -0.10467
 0.22623  0.22577 -0.11576
 0.24758  0.24708 -0.12669
 0.26858  0.26804 -0.13743
 0.28920  0.28863 -0.14799
 0.30941  0.30881 -0.15833
 0.32919  0.32857 -0.16846
 0.34851  0.34787 -0.17835
 0.36735  0.36670 -0.18800
 0.38569  0.38504 -0.19739
 0.40350  0.40287 -0.20652
 0.42077  0.42018 -0.21537
 0.43748  0.43694 -0.22395
 0.45362  0.45314 -0.23223
 0.46916  0.46878 -0.24021
 0.48410  0.48384 -0.24790
 0.49842  0.49831 -0.25527
 0.51211  0.51220 -0.26233
 0.52516  0.52548 -0.26908
 0.53757  0.53817 -0.27551
 0.54934  0.55025 -0.28161
 0.56044  0.56174 -0.28740
 0.57089  0.57263 -0.29286
 0.58068  0.58292 -0.29801
 0.58981  0.59263 -0.30283
 0.59828  0.60175 -0.30734
 0.60610  0.61030 -0.31153
 0.61327  0.61829 -0.31541
 0.61979  0.62572 -0.31898
 0.62567  0.63262 -0.32226
 0.63093  0.63898 -0.32523
 0.63556  0.64484 -0.32792
 0.63958  0.65020 -0.33032
 0.64300  0.65508 -0.33244
 0.64584  0.65950 -0.33430
 0.64810  0.66347 -0.33589
 0.64980  0.66701 -0.33723
 0.65096  0.67015 -0.33832
 0.65158  0.67291 -0.33918
 0.65170  0.67529 -0.33982
 0.65132  0.67733 -0.34023
 0.65046  0.67904 -0.34044
 0.64914  0.68045 -0.34045
 0.64737  0.68157 -0.34027
 0.64518  0.68242 -0.33991
 0.64258  0.68303 -0.33938
 0.63960  0.68342 -0.33869
 0.63624  0.68360 -0.33786
 0.63254  0.68360 -0.33688
 0.62850  0.68343 -0.33577
 0.62414  0.68311 -0.33453
 0.61949  0.68267 -0.33318
 0.61455  0.68211 -0.33173
 0.60935  0.68146 -0.33018
 0.60390  0.68072 -0.32854
 0.59822  0.67993 -0.32681
 0.59232  0.67909 -0.32502
 0.58622  0.67821 -0.32315
 0.57993  0.67731 -0.32122
 0.57346  0.67640 -0.31924
 0.56683  0.67550 -0.31720
 0.56004  0.67460 -0.31512
 0.55312  0.67373 -0.31300
 0.54606  0.67290 -0.31084
 0.53888  0.67210 -0.30865
 0.53158  0.67135 -0.30643
 0.52418  0.67065 -0.30418
 0.51668  0.67002 -0.30191
 0.50908  0.66944 -0.29961
 0.50139  0.66894 -0.29730
 0.49362  0.66850 -0.29496
 0.48577  0.66814 -0.29261
 0.47783  0.66785 -0.29023
 0.46983  0.66764 -0.28784
 0.46175  0.66751 -0.28543
 0.45360  0.66744 -0.28300
 0.44537  0.66746 -0.28054
 0.43708  0.66754 -0.27807
 0.42871  0.66770 -0.27557
 0.42027  0.66792 -0.27305
 0.41177  0.66821 -0.27050
 0.40318  0.66855 -0.26792
 0.39452  0.66895 -0.26531
 0.38579  0.66941 -0.26266
 0.37698  0.66991 -0.25998
 0.36809  0.67045 -0.25726
 0.35912  0.67104 -0.25449
 0.35007  0.67165 -0.25168
 0.34093  0.67229 -0.24883
 0.33171  0.67295 -0.24592
 0.32241  0.67363 -0.24296
 0.31302  0.67432 -0.23994
 0.30354  0.67501 -0.23687
 0.29397  0.67571 -0.23374
 0.28431  0.67640 -0.23054
 0.27457  0.67707 -0.22728
 0.26474  0.67774 -0.22395
 0.25483  0.67838 -0.22055
 0.24483  0.67900 -0.21708
 0.23475  0.67959 -0.21354
 0.22458  0.68016 -0.20992
 0.21434  0.68068 -0.20624
 0.20402  0.68117 -0.20247
 0.19363  0.68162 -0.19863
 0.18318  0.68203 -0.19472
 0.17265  0.68239 -0.19072
 0.16207  0.68271 -0.18666
 0.15143  0.68298 -0.18251
 0.14074  0.68320 -0.17829
 0.13000  0.68337 -0.17399
 0.11922  0.68350 -0.16962
 0.10840  0.68357 -0.16518
 0.09756  0.68360 -0.16066
 0.08669  0.68359 -0.15607
 0.07580  0.68352 -0.15141
 0.06490  0.68342 -0.14668
 0.05399  0.68327 -0.14188
 0.04309  0.68309 -0.13702
 0.03218  0.68286 -0.13209
 0.02129  0.68260 -0.12711
 0.01041  0.68231 -0.12206
-0.00044  0.68199 -0.11695
-0.01127  0.68164 -0.11178
-0.02207  0.68127 -0.10656
-0.03283  0.68087 -0.10128
-0.04355  0.68045 -0.09595
-0.05423  0.68002 -0.09056
-0.06486  0.67957 -0.08513
-0.07544  0.67911 -0.07964
-0.08596  0.67864 -0.07411
-0.09643  0.67815 -0.06852
-0.10684  0.67766 -0.06289
-0.11719  0.67715 -0.05721
-0.12747  0.67664 -0.05148
-0.13769  0.67612 -0.04571
-0.14785  0.67560 -0.03988
-0.15795  0.67506 -0.03401
-0.16798  0.67451 -0.02809
-0.17794  0.67394 -0.02211
-0.18785  0.67336 -0.01609
-0.19769  0.67275 -0.01001
-0.20747  0.67213 -0.00388
-0.21720  0.67147  0.00231
-0.22687  0.67078  0.00856
-0.23648  0.67005  0.01487
-0.24604  0.66927  0.02124
-0.25555  0.66844  0.02767
-0.26501  0.66755  0.03417
-0.27442  0.66659  0.04074
-0.28380  0.66555  0.04739
-0.29313  0.66442  0.05410
-0.30242  0.66320  0.06090
-0.31167  0.66187  0.06777
-0.32088  0.66042  0.07472
-0.33007  0.65884  0.08175
-0.33921  0.65713  0.08887
-0.34833  0.65526  0.09608
-0.35741  0.65324  0.10337
-0.36647  0.65103  0.11075
-0.37548  0.64865  0.11823
-0.38447  0.64606  0.12579
-0.39342  0.64327  0.13345
-0.40234  0.64026  0.14119
-0.41122  0.63701  0.14903
-0.42005  0.63352  0.15696
-0.42885  0.62978  0.16498
-0.43759  0.62578  0.17308
-0.44628  0.62150  0.18127
-0.45492  0.61694  0.18955
-0.46349  0.61208  0.19790
-0.47200  0.60693  0.20633
-0.48042  0.60147  0.21483
-0.48877  0.59571  0.22340
-0.49703  0.58962  0.23203
-0.50519  0.58321  0.24072
-0.51325  0.57648  0.24946
-0.52119  0.56942  0.25825
-0.52902  0.56203  0.26707
-0.53671  0.55431  0.27593
-0.54426  0.54626  0.28481
-0.55166  0.53789  0.29370
-0.55890  0.52920  0.30260
-0.56598  0.52019  0.31150
-0.57287  0.51086  0.32039
-0.57958  0.50123  0.32925
-0.58609  0.49131  0.33809
-0.59240  0.48110  0.34689
-0.59849  0.47061  0.35564
-0.60436  0.45986  0.36434
-0.61000  0.44885  0.37296
-0.61539  0.43761  0.38151
-0.62055  0.42614  0.38997
-0.62544  0.41447  0.39834
-0.63008  0.40260  0.40660
-0.63445  0.39057  0.41475
-0.63856  0.37837  0.42278
-0.64238  0.36605  0.43067
-0.64593  0.35360  0.43843
-0.64920  0.34106  0.44604
-0.65218  0.32844  0.45350
-0.65488  0.31577  0.46080
-0.65729  0.30306  0.46794
-0.65942  0.29034  0.47490
-0.66126  0.27762  0.48169
-0.66282  0.26493  0.48831
-0.66409  0.25230  0.49474
-0.66509  0.23973  0.50099
-0.66582  0.22725  0.50705
-0.66627  0.21487  0.51292
-0.66646  0.20263  0.51861
-0.66640  0.19053  0.52410
-0.66608  0.17859  0.52941
-0.66551  0.16683  0.53453
-0.66471  0.15527  0.53947
-0.66369  0.14392  0.54422
-0.66244  0.13279  0.54880
-0.66098  0.12189  0.55320
-0.65932  0.11124  0.55742
-0.65747  0.10085  0.56149
-0.65543  0.09072  0.56539
-0.65322  0.08087  0.56913
-0.65085  0.07129  0.57273
-0.64833  0.06200  0.57618
-0.64567  0.05299  0.57950
-0.64288  0.04427  0.58269
-0.63996  0.03584  0.58575
-0.63694  0.02770  0.58870
-0.63381  0.01984  0.59154
-0.63059  0.01227  0.59428
-0.62729  0.00497  0.59692
-0.62391 -0.00205  0.59948
-0.62047 -0.00881  0.60196
-0.61697 -0.01532  0.60436
-0.61342 -0.02157  0.60670
-0.60983 -0.02759  0.60899
-0.60620 -0.03338  0.61121
-0.60254 -0.03896  0.61340
-0.59886 -0.04433  0.61554
-0.59516 -0.04952  0.61764
-0.59145 -0.05454  0.61972
-0.58772 -0.05939  0.62176
-0.58399 -0.06410  0.62379
-0.58026 -0.06867  0.62579
-0.57652 -0.07314  0.62778
-0.57279 -0.07750  0.62976
-0.56905 -0.08178  0.63172
-0.56532 -0.08599  0.63368
-0.56160 -0.09015  0.63562
-0.55787 -0.09426  0.63756
-0.55415 -0.09836  0.63949
-0.55043 -0.10244  0.64142
-0.54671 -0.10652  0.64333
-0.54300 -0.11062  0.64523
-0.53927 -0.11475  0.64713
-0.53554 -0.11892  0.64901
-0.53181 -0.12314  0.65087
-0.52806 -0.12742  0.65271
-0.52430 -0.13176  0.65453
-0.52052 -0.13619  0.65633
-0.51672 -0.14069  0.65810
-0.51290 -0.14529  0.65984
-0.50906 -0.14998  0.66154
-0.50518 -0.15478  0.66321
-0.50127 -0.15967  0.66483
-0.49733 -0.16466  0.66640
-0.49335 -0.16976  0.66792
-0.48932 -0.17496  0.66939
-0.48526 -0.18027  0.67080
-0.48115 -0.18567  0.67215
-0.47699 -0.19117  0.67343
-0.47278 -0.19676  0.67464
-0.46852 -0.20243  0.67579
-0.46421 -0.20819  0.67686
-0.45985 -0.21401  0.67785
-0.45543 -0.21991  0.67876
-0.45096 -0.22586  0.67960
-0.44644 -0.23185  0.68036
-0.44186 -0.23789  0.68103
-0.43724 -0.24395  0.68162
-0.43256 -0.25004  0.68214
-0.42783 -0.25613  0.68257
-0.42306 -0.26221  0.68292
-0.41825 -0.26828  0.68320
-0.41339 -0.27433  0.68340
-0.40849 -0.28034  0.68352
-0.40356 -0.28630  0.68358
-0.39860 -0.29220  0.68357
-0.39361 -0.29804  0.68350
-0.38859 -0.30379  0.68337
-0.38355 -0.30946  0.68318
-0.37850 -0.31503  0.68294
-0.37343 -0.32050  0.68266
-0.36836 -0.32585  0.68234
-0.36328 -0.33108  0.68199
-0.35820 -0.33618  0.68161
-0.35313 -0.34115  0.68121
-0.34806 -0.34597  0.68079
-0.34301 -0.35066  0.68036
-0.33797 -0.35520  0.67992
-0.33295 -0.35959  0.67949
-0.32795 -0.36383  0.67906
-0.32298 -0.36792  0.67865
-0.31804 -0.37187  0.67826
-0.31312 -0.37566  0.67788
-0.30825 -0.37931  0.67754
-0.30340 -0.38281  0.67723
-0.29859 -0.38618  0.67696
-0.29382 -0.38941  0.67672
-0.28909 -0.39251  0.67653
-0.28440 -0.39549  0.67638
-0.27974 -0.39836  0.67629
-0.27512 -0.40113  0.67624
-0.27054 -0.40379  0.67624
-0.26599 -0.40637  0.67629
-0.26148 -0.40888  0.67640
-0.25700 -0.41131  0.67655
-0.25254 -0.41369  0.67675
-0.24811 -0.41602  0.67700
-0.24370 -0.41832  0.67729
-0.23931 -0.42060  0.67762
-0.23494 -0.42286  0.67799
-0.23057 -0.42513  0.67838
-0.22621 -0.42741  0.67880
-0.22185 -0.42971  0.67924
-0.21748 -0.43205  0.67969
-0.21311 -0.43444  0.68015
-0.20872 -0.43688  0.68061
-0.20430 -0.43939  0.68105
-0.19987 -0.44198  0.68148
-0.19540 -0.44465  0.68188
-0.19089 -0.44742  0.68224
-0.18634 -0.45028  0.68256
-0.18174 -0.45326  0.68282
-0.17709 -0.45636  0.68302
-0.17239 -0.45958  0.68314
-0.16762 -0.46292  0.68318
-0.16278 -0.46640  0.68312
-0.15787 -0.47000  0.68296
-0.15288 -0.47374  0.68268
-0.14782 -0.47762  0.68228
-0.14267 -0.48164  0.68175
-0.13744 -0.48579  0.68108
-0.13212 -0.49007  0.68026
-0.12672 -0.49448  0.67928
-0.12122 -0.49902  0.67813
-0.11563 -0.50368  0.67682
-0.10995 -0.50845  0.67532
-0.10418 -0.51333  0.67365
-0.09831 -0.51832  0.67178
-0.09236 -0.52340  0.66972
-0.08632 -0.52856  0.66747
-0.08019 -0.53380  0.66502
-0.07398 -0.53910  0.66237
-0.06769 -0.54445  0.65951
-0.06132 -0.54985  0.65646
-0.05488 -0.55528  0.65321
-0.04837 -0.56073  0.64977
-0.04180 -0.56618  0.64613
-0.03517 -0.57163  0.64230
-0.02849 -0.57706  0.63828
-0.02177 -0.58245  0.63409
-0.01501 -0.58780  0.62972
-0.00821 -0.59310  0.62518
-0.00139 -0.59832  0.62049
 0.00545 -0.60346  0.61566
 0.01230 -0.60851  0.61068
 0.01916 -0.61345  0.60557
 0.02601 -0.61828  0.60035
 0.03286 -0.62298  0.59502
 0.03968 -0.62754  0.58960
 0.04648 -0.63196  0.58409
 0.05325 -0.63622  0.57852
 0.05998 -0.64032  0.57290
 0.06667 -0.64424  0.56723
 0.07330 -0.64799  0.56153
 0.07988 -0.65156  0.55582
 0.08639 -0.65494  0.55011
 0.09284 -0.65813  0.54441
 0.09921 -0.66112  0.53873
 0.10550 -0.66392  0.53309
 0.11172 -0.66653  0.52751
 0.11784 -0.66893  0.52199
 0.12388 -0.67114  0.51654
 0.12983 -0.67315  0.51119
 0.13568 -0.67497  0.50592
 0.14144 -0.67659  0.50077
 0.14711 -0.67804  0.49573
 0.15267 -0.67930  0.49082
 0.15815 -0.68038  0.48604
 0.16352 -0.68129  0.48140
 0.16880 -0.68204  0.47691
 0.17399 -0.68264  0.47257
 0.17909 -0.68308  0.46838
 0.18410 -0.68339  0.46434
 0.18903 -0.68356  0.46047
 0.19388 -0.68361  0.45675
 0.19864 -0.68355  0.45319
 0.20334 -0.68339  0.44979
 0.20796 -0.68313  0.44655
 0.21253 -0.68279  0.44346
 0.21703 -0.68237  0.44051
 0.22148 -0.68190  0.43771
 0.22588 -0.68137  0.43504
 0.23024 -0.68079  0.43250
 0.23457 -0.68018  0.43008
 0.23887 -0.67955  0.42777
 0.24314 -0.67891  0.42557
 0.24739 -0.67825  0.42345
 0.25163 -0.67760  0.42142
 0.25587 -0.67696  0.41945
 0.26010 -0.67634  0.41755
 0.26435 -0.67575  0.41568
 0.26860 -0.67518  0.41385
 0.27286 -0.67466  0.41204
 0.27715 -0.67417  0.41024
 0.28147 -0.67374  0.40842
 0.28581 -0.67336  0.40659
 0.29019 -0.67303  0.40472
 0.29460 -0.67276  0.40281
 0.29906 -0.67256  0.40083
 0.30356 -0.67241  0.39878
 0.30810 -0.67233  0.39665
 0.31269 -0.67231  0.39442
 0.31734 -0.67236  0.39208
 0.32203 -0.67247  0.38962
 0.32677 -0.67264  0.38703
 0.33157 -0.67287  0.38430
 0.33641 -0.67315  0.38142
 0.34131 -0.67349  0.37839
 0.34626 -0.67387  0.37519
 0.35125 -0.67430  0.37182
 0.35629 -0.67476  0.36828
 0.36137 -0.67526  0.36455
 0.36650 -0.67579  0.36064
 0.37166 -0.67635  0.35655
 0.37686 -0.67692  0.35226
 0.38208 -0.67750  0.34778
 0.38734 -0.67808  0.34312
 0.39261 -0.67866  0.33826
 0.39791 -0.67923  0.33322
 0.40321 -0.67979  0.32799
 0.40853 -0.68032  0.32258
 0.41385 -0.68083  0.31700
 0.41917 -0.68130  0.31125
 0.42448 -0.68173  0.30533
 0.42979 -0.68211  0.29925
 0.43507 -0.68243  0.29303
 0.44034 -0.68270  0.28666
 0.44558 -0.68290  0.28017
 0.45079 -0.68303  0.27354
 0.45597 -0.68309  0.26681
 0.46111 -0.68307  0.25997
 0.46620 -0.68297  0.25304
 0.47125 -0.68277  0.24603
 0.47625 -0.68250  0.23895
 0.48119 -0.68212  0.23180
 0.48608 -0.68166  0.22461
 0.49091 -0.68109  0.21738
 0.49567 -0.68043  0.21012
 0.50037 -0.67968  0.20284
 0.50501 -0.67882  0.19555
 0.50958 -0.67786  0.18827
 0.51408 -0.67681  0.18100
 0.51851 -0.67566  0.17376
 0.52287 -0.67441  0.16654
 0.52716 -0.67306  0.15936
 0.53138 -0.67162  0.15222
 0.53553 -0.67009  0.14514
 0.53961 -0.66847  0.13812
 0.54362 -0.66676  0.13116
 0.54757 -0.66496  0.12426
 0.55145 -0.66309  0.11744
 0.55527 -0.66113  0.11070
 0.55902 -0.65910  0.10403
 0.56271 -0.65700  0.09744
 0.56634 -0.65482  0.09092
 0.56992 -0.65258  0.08449
 0.57344 -0.65028  0.07814
 0.57691 -0.64791  0.07186
 0.58033 -0.64549  0.06565
 0.58369 -0.64301  0.05952
 0.58701 -0.64048  0.05345
 0.59029 -0.63791  0.04745
 0.59352 -0.63528  0.04150
 0.59671 -0.63261  0.03561
 0.59986 -0.62989  0.02976
 0.60297 -0.62714  0.02395
 0.60604 -0.62434  0.01818
 0.60907 -0.62151  0.01243
 0.61207 -0.61863  0.00670
 0.61503 -0.61572  0.00098
 0.61795 -0.61278 -0.00473
 0.62083 -0.60979 -0.01045
 0.62368 -0.60677 -0.01618
 0.62649 -0.60371 -0.02193
 0.62926 -0.60062 -0.02770
 0.63198 -0.59748 -0.03351
 0.63467 -0.59431 -0.03936
 0.63731 -0.59109 -0.04525
 0.63991 -0.58783 -0.05119
 0.64246 -0.58453 -0.05720
 0.64496 -0.58118 -0.06326
 0.64740 -0.57778 -0.06939
 0.64979 -0.57433 -0.07559
 0.65212 -0.57083 -0.08187
 0.65438 -0.56728 -0.08822
 0.65659 -0.56367 -0.09464
 0.65872 -0.56001 -0.10115
 0.66079 -0.55628 -0.10774
 0.66277 -0.55249 -0.11440
 0.66469 -0.54864 -0.12114
 0.66652 -0.54473 -0.12795
 0.66826 -0.54075 -0.13483
 0.66992 -0.53670 -0.14178
 0.67150 -0.53258 -0.14879
 0.67298 -0.52839 -0.15586
 0.67437 -0.52413 -0.16298
 0.67566 -0.51981 -0.17015
 0.67685 -0.51541 -0.17735
 0.67795 -0.51094 -0.18458
 0.67895 -0.50641 -0.19183
 0.67985 -0.50180 -0.19910
 0.68065 -0.49713 -0.20636
 0.68135 -0.49239 -0.21362
 0.68195 -0.48759 -0.22086
 0.68245 -0.48273 -0.22807
 0.68286 -0.47781 -0.23524
 0.68317 -0.47284 -0.24236
 0.68339 -0.46781 -0.24941
 0.68353 -0.46273 -0.25640
 0.68357 -0.45761 -0.26330
 0.68354 -0.45244 -0.27012
 0.68342 -0.44724 -0.27682
 0.68323 -0.44200 -0.28341
 0.68298 -0.43674 -0.28988
 0.68266 -0.43145 -0.29622
 0.68228 -0.42615 -0.30242
 0.68185 -0.42082 -0.30846
 0.68138 -0.41550 -0.31435
 0.68086 -0.41016 -0.32008
 0.68031 -0.40483 -0.32563
 0.67974 -0.39950 -0.33101
 0.67914 -0.39419 -0.33621
 0.67853 -0.38888 -0.34123
 0.67792 -0.38360 -0.34606
 0.67730 -0.37835 -0.35070
 0.67669 -0.37312 -0.35516
 0.67610 -0.36792 -0.35942
 0.67552 -0.36276 -0.36350
 0.67497 -0.35764 -0.36739
 0.67445 -0.35256 -0.37109
 0.67397 -0.34752 -0.37462
 0.67353 -0.34253 -0.37797
 0.67313 -0.33759 -0.38116
 0.67279 -0.33270 -0.38418
 0.67250 -0.32786 -0.38705
 0.67227 -0.32308 -0.38977
 0.67210 -0.31834 -0.39235
 0.67199 -0.31366 -0.39480
 0.67194 -0.30903 -0.39713
 0.67196 -0.30444 -0.39936
 0.67205 -0.29991 -0.40149
 0.67220 -0.29542 -0.40354
 0.67242 -0.29097 -0.40552
 0.67269 -0.28657 -0.40744
 0.67303 -0.28220 -0.40931
 0.67342 -0.27786 -0.41115
 0.67387 -0.27356 -0.41297
 0.67436 -0.26928 -0.41478
 0.67490 -0.26501 -0.41660
 0.67548 -0.26077 -0.41844
 0.67609 -0.25653 -0.42031
 0.67672 -0.25230 -0.42223
 0.67737 -0.24806 -0.42421
 0.67803 -0.24382 -0.42625
 0.67869 -0.23957 -0.42838
 0.67935 -0.23530 -0.43060
 0.67998 -0.23100 -0.43292
 0.68059 -0.22667 -0.43535
 0.68117 -0.22230 -0.43790
 0.68170 -0.21789 -0.44057
 0.68218 -0.21343 -0.44339
 0.68259 -0.20892 -0.44634
 0.68292 -0.20435 -0.44944
 0.68317 -0.19971 -0.45269
 0.68332 -0.19500 -0.45609
 0.68337 -0.19022 -0.45965
 0.68330 -0.18536 -0.46337
 0.68310 -0.18042 -0.46724
 0.68278 -0.17539 -0.47127
 0.68230 -0.17028 -0.47545
 0.68168 -0.16507 -0.47979
 0.68090 -0.15977 -0.48427
 0.67995 -0.15437 -0.48890
 0.67882 -0.14888 -0.49366
 0.67752 -0.14330 -0.49855
 0.67604 -0.13761 -0.50357
 0.67436 -0.13184 -0.50869
 0.67249 -0.12596 -0.51393
 0.67043 -0.12000 -0.51926
 0.66816 -0.11394 -0.52467
 0.66570 -0.10780 -0.53015
 0.66304 -0.10157 -0.53570
 0.66018 -0.09526 -0.54129
 0.65712 -0.08887 -0.54692
 0.65386 -0.08241 -0.55258
 0.65042 -0.07589 -0.55824
 0.64678 -0.06930 -0.56390
 0.64296 -0.06266 -0.56954
 0.63896 -0.05596 -0.57515
 0.63479 -0.04922 -0.58072
 0.63046 -0.04245 -0.58624
 0.62597 -0.03565 -0.59168
 0.62134 -0.02882 -0.59704
 0.61657 -0.02197 -0.60230
 0.61167 -0.01512 -0.60746
 0.60666 -0.00827 -0.61250
 0.60154 -0.00142 -0.61741
 0.59633  0.00541 -0.62218
 0.59104  0.01223 -0.62681
 0.58568  0.01902 -0.63127
 0.58027  0.02577 -0.63557
 0.57481  0.03248 -0.63970
 0.56933  0.03915 -0.64365
 0.56382  0.04576 -0.64742
 0.55832  0.05232 -0.65100
 0.55282  0.05881 -0.65438
 0.54734  0.06523 -0.65757
 0.54190  0.07158 -0.66057
 0.53650  0.07785 -0.66336
 0.53115  0.08404 -0.66596
 0.52588  0.09015 -0.66836
 0.52068  0.09617 -0.67056
 0.51557  0.10210 -0.67257
 0.51056  0.10795 -0.67439
 0.50565  0.11370 -0.67603
 0.50085  0.11936 -0.67748
 0.49617  0.12492 -0.67876
 0.49161  0.13040 -0.67987
 0.48718  0.13579 -0.68082
 0.48289  0.14108 -0.68161
 0.47873  0.14629 -0.68226
 0.47471  0.15142 -0.68277
 0.47082  0.15647 -0.68315
 0.46708  0.16143 -0.68341
 0.46347  0.16632 -0.68355
 0.45999  0.17115 -0.68360
 0.45665  0.17590 -0.68355
 0.45343  0.18060 -0.68342
 0.45034  0.18523 -0.68322
 0.44736  0.18982 -0.68295
 0.44450  0.19436 -0.68263
 0.44173  0.19885 -0.68227
 0.43907  0.20331 -0.68187
 0.43649  0.20774 -0.68145
 0.43398  0.21215 -0.68101
 0.43155  0.21653 -0.68056
 0.42917  0.22090 -0.68010
 0.42684  0.22527 -0.67966
 0.42454  0.22962 -0.67923
 0.42226  0.23398 -0.67881
 0.42000  0.23835 -0.67842
 0.41774  0.24272 -0.67807
 0.41547  0.24711 -0.67774
 0.41317  0.25152 -0.67746
 0.41084  0.25595 -0.67722
 0.40846  0.26041 -0.67702
 0.40602  0.26489 -0.67687
 0.40352  0.26941 -0.67677
 0.40093  0.27395 -0.67672
 0.39826  0.27854 -0.67671
 0.39549  0.28316 -0.67676
 0.39261  0.28781 -0.67686
 0.38962  0.29251 -0.67700
 0.38650  0.29724 -0.67718
 0.38326  0.30201 -0.67741
 0.37988  0.30681 -0.67767
 0.37636  0.31165 -0.67797
 0.37270  0.31653 -0.67830
 0.36889  0.32143 -0.67865
 0.36493  0.32637 -0.67903
 0.36082  0.33134 -0.67942
 0.35656  0.33633 -0.67982
 0.35214  0.34134 -0.68023
 0.34758  0.34636 -0.68064
 0.34287  0.35141 -0.68104
 0.33802  0.35646 -0.68143
 0.33303  0.36152 -0.68180
 0.32790  0.36658 -0.68214
 0.32265  0.37165 -0.68246
 0.31727  0.37670 -0.68274
 0.31178  0.38175 -0.68298
 0.30619  0.38678 -0.68318
 0.30049  0.39180 -0.68333
 0.29471  0.39679 -0.68342
 0.28885  0.40176 -0.68345
 0.28292  0.40670 -0.68341
 0.27694  0.41160 -0.68331
 0.27091  0.41647 -0.68314
 0.26484  0.42130 -0.68290
 0.25874  0.42609 -0.68258
 0.25264  0.43084 -0.68219
 0.24653  0.43553 -0.68171
 0.24042  0.44018 -0.68116
 0.23434  0.44478 -0.68052
 0.22829  0.44933 -0.67981
 0.22227  0.45382 -0.67901
 0.21630  0.45827 -0.67814
 0.21039  0.46265 -0.67719
 0.20455  0.46699 -0.67616
 0.19878  0.47128 -0.67505
 0.19309  0.47551 -0.67388
 0.18749  0.47970 -0.67263
 0.18198  0.48383 -0.67132
 0.17657  0.48792 -0.66994
 0.17125  0.49196 -0.66851
 0.16604  0.49597 -0.66702
 0.16093  0.49993 -0.66547
 0.15593  0.50386 -0.66388
 0.15103  0.50775 -0.66224
 0.14623  0.51161 -0.66055
 0.14153  0.51544 -0.65883
 0.13692  0.51925 -0.65708
 0.13241  0.52303 -0.65530
 0.12798  0.52680 -0.65348
 0.12362  0.53055 -0.65165
 0.11933  0.53429 -0.64979
 0.11511  0.53802 -0.64792
 0.11093  0.54174 -0.64603
 0.10679  0.54546 -0.64413
 0.10268  0.54918 -0.64222
 0.09859  0.55289 -0.64029
 0.09450  0.55660 -0.63836
 0.09040  0.56032 -0.63642
 0.08627  0.56404 -0.63447
 0.08210  0.56776 -0.63252
 0.07788  0.57149 -0.63055
 0.07359  0.57521 -0.62857
 0.06921  0.57894 -0.62658
 0.06474  0.58267 -0.62458
 0.06015  0.58640 -0.62256
 0.05543  0.59012 -0.62052
 0.05056  0.59383 -0.61845
 0.04553  0.59753 -0.61635
 0.04033  0.60122 -0.61422
 0.03494  0.60488 -0.61206
 0.02935  0.60852 -0.60985
 0.02355  0.61212 -0.60759
 0.01752  0.61569 -0.60527
 0.01125  0.61921 -0.60289
 0.00473  0.62267 -0.60045
-0.00204  0.62608 -0.59793
-0.00907  0.62941 -0.59532
-0.01638  0.63267 -0.59263
-0.02396  0.63584 -0.58984
-0.03182  0.63891 -0.58694
-0.03997  0.64188 -0.58394
-0.04840  0.64473 -0.58082
-0.05712  0.64746 -0.57757
-0.06613  0.65005 -0.57418
-0.07542  0.65249 -0.57066
-0.08499  0.65478 -0.56700
-0.09484  0.65690 -0.56318
-0.10496  0.65884 -0.55920
-0.11533  0.66060 -0.55506
-0.12597  0.66215 -0.55075
-0.13684  0.66351 -0.54627
-0.14795  0.66464 -0.54162
-0.15928  0.66556 -0.53678
-0.17081  0.66623 -0.53176
-0.18254  0.66667 -0.52655
-0.19444  0.66686 -0.52116
-0.20649  0.66680 -0.51558
-0.21869  0.66647 -0.50981
-0.23102  0.66587 -0.50385
-0.24345  0.66501 -0.49770
-0.25596  0.66386 -0.49137
-0.26854  0.66244 -0.48486
-0.28116  0.66073 -0.47816
-0.29381  0.65874 -0.47129
-0.30646  0.65646 -0.46425
-0.31910  0.65389 -0.45704
-0.33169  0.65104 -0.44966
-0.34423  0.64790 -0.44213
-0.35669  0.64447 -0.43445
-0.36904  0.64077 -0.42663
-0.38128  0.63678 -0.41868
-0.39338  0.63253 -0.41060
-0.40532  0.62800 -0.40239
-0.41709  0.62321 -0.39408
-0.42866  0.61816 -0.38567
-0.44002  0.61287 -0.37717
-0.45116  0.60732 -0.36858
-0.46206  0.60154 -0.35992
-0.47270  0.59554 -0.35120
-0.48308  0.58931 -0.34242
-0.49319  0.58287 -0.33361
-0.50300  0.57623 -0.32475
-0.51252  0.56940 -0.31587
-0.52173  0.56238 -0.30698
-0.53063  0.55519 -0.29808
-0.53921  0.54784 -0.28918
-0.54747  0.54033 -0.28029
-0.55541  0.53268 -0.27142
-0.56301  0.52489 -0.26258
-0.57029  0.51698 -0.25377
-0.57725  0.50894 -0.24501
-0.58387  0.50080 -0.23629
-0.59017  0.49256 -0.22763
-0.59616  0.48423 -0.21903
-0.60182  0.47582 -0.21049
-0.60717  0.46732 -0.20203
-0.61223  0.45876 -0.19364
-0.61698  0.45013 -0.18533
-0.62144  0.44144 -0.17710
-0.62563  0.43271 -0.16895
-0.62954  0.42392 -0.16090
-0.63319  0.41509 -0.15293
-0.63658  0.40621 -0.14505
-0.63974  0.39730 -0.13727
-0.64267  0.38836 -0.12958
-0.64538  0.37938 -0.12198
-0.64788  0.37038 -0.11447
-0.65019  0.36134 -0.10706
-0.65231  0.35227 -0.09974
-0.65426  0.34317 -0.09250
-0.65605  0.33405 -0.08536
-0.65769  0.32489 -0.07830
-0.65919  0.31570 -0.07133
-0.66057  0.30648 -0.06444
-0.66183  0.29722 -0.05763
-0.66298  0.28793 -0.05090
-0.66404  0.27860 -0.04425
-0.66501  0.26923 -0.03767
-0.66591  0.25982 -0.03116
-0.66674  0.25036 -0.02472
-0.66751  0.24086 -0.01835
-0.66823  0.23131 -0.01205
-0.66890  0.22170 -0.00580
-0.66953  0.21204  0.00039
-0.67013  0.20233  0.00651
-0.67070  0.19255  0.01259
-0.67125  0.18272  0.01860
-0.67178  0.17283  0.02457
-0.67229  0.16287  0.03048
-0.67279  0.15286  0.03634
-0.67328  0.14277  0.04216
-0.67376  0.13263  0.04792
-0.67423  0.12242  0.05364
-0.67469  0.11216  0.05931
-0.67515  0.10182  0.06493
-0.67560  0.09143  0.07051
-0.67604  0.08099  0.07604
-0.67647  0.07048  0.08151
-0.67690  0.05993  0.08694
-0.67731  0.04932  0.09232
-0.67770  0.03866  0.09765
-0.67808  0.02797  0.10293
-0.67845  0.01723  0.10816
-0.67879  0.00646  0.11333
-0.67911 -0.00434  0.11844
-0.67940 -0.01517  0.12350
-0.67967 -0.02602  0.12850
-0.67990 -0.03688  0.13344
-0.68010 -0.04775  0.13831
-0.68027 -0.05862  0.14313
-0.68040 -0.06949  0.14788
-0.68049 -0.08035  0.15256
-0.68054 -0.09120  0.15717
-0.68054 -0.10203  0.16171
-0.68050 -0.11283  0.16618
-0.68042 -0.12360  0.17059
-0.68029 -0.13433  0.17491
-0.68012 -0.14502  0.17917
-0.67990 -0.15567  0.18335
-0.67963 -0.16625  0.18745
-0.67932 -0.17679  0.19148
-0.67896 -0.18726  0.19543
-0.67857 -0.19766  0.19931
-0.67813 -0.20799  0.20311
-0.67766 -0.21825  0.20684
-0.67715 -0.22843  0.21049
-0.67661 -0.23854  0.21407
-0.67604 -0.24856  0.21758
-0.67544 -0.25849  0.22101
-0.67482 -0.26835  0.22438
-0.67419 -0.27811  0.22768
-0.67354 -0.28778  0.23091
-0.67288 -0.29737  0.23408
-0.67222 -0.30687  0.23719
-0.67157 -0.31628  0.24024
-0.67092 -0.32560  0.24323
-0.67028 -0.33484  0.24616
-0.66966 -0.34399  0.24905
-0.66906 -0.35305  0.25188
-0.66850 -0.36203  0.25467
-0.66796 -0.37093  0.25741
-0.66747 -0.37975  0.26012
-0.66701 -0.38848  0.26278
-0.66661 -0.39714  0.26541
-0.66626 -0.40573  0.26801
-0.66597 -0.41423  0.27057
-0.66574 -0.42267  0.27311
-0.66557 -0.43103  0.27562
-0.66548 -0.43932  0.27810
-0.66545 -0.44754  0.28057
-0.66550 -0.45569  0.28301
-0.66562 -0.46376  0.28543
-0.66582 -0.47177  0.28783
-0.66609 -0.47970  0.29021
-0.66645 -0.48755  0.29258
-0.66687 -0.49533  0.29493
-0.66737 -0.50302  0.29726
-0.66795 -0.51063  0.29957
-0.66859 -0.51815  0.30186
-0.66929 -0.52558  0.30413
-0.67006 -0.53291  0.30637
-0.67088 -0.54012  0.30859
-0.67175 -0.54723  0.31078
-0.67266 -0.55421  0.31293
-0.67360 -0.56106  0.31505
-0.67456 -0.56777  0.31713
-0.67554 -0.57432  0.31917
-0.67652 -0.58071  0.32115
-0.67749 -0.58693  0.32308
-0.67844 -0.59295  0.32495
-0.67936 -0.59878  0.32675
-0.68023 -0.60438  0.32847
-0.68103 -0.60976  0.33011
-0.68176 -0.61488  0.33167
-0.68239 -0.61975  0.33312
-0.68290 -0.62433  0.33447
-0.68329 -0.62861  0.33571
-0.68353 -0.63258  0.33682
-0.68360 -0.63622  0.33780
-0.68349 -0.63951  0.33864
-0.68317 -0.64243  0.33933
-0.68262 -0.64496  0.33986
-0.68183 -0.64709  0.34023
-0.68077 -0.64879  0.34041
-0.67943 -0.65005  0.34040
-0.67777 -0.65086  0.34020
-0.67579 -0.65118  0.33978
-0.67346 -0.65102  0.33915
-0.67076 -0.65034  0.33830
-0.66767 -0.64914  0.33720
-0.66416 -0.64739  0.33586
-0.66024 -0.64509  0.33427
-0.65586 -0.64221  0.33242
-0.65101 -0.63876  0.33030
-0.64569 -0.63470  0.32790
-0.63986 -0.63004  0.32522
-0.63352 -0.62476  0.32224
-0.62665 -0.61885  0.31897
-0.61924 -0.61231  0.31540
-0.61127 -0.60513  0.31152
-0.60273 -0.59730  0.30733
-0.59362 -0.58881  0.30282
-0.58392 -0.57968  0.29800
-0.57363 -0.56989  0.29286
-0.56274 -0.55944  0.28739
-0.55125 -0.54834  0.28161
-0.53916 -0.53658  0.27550
-0.52646 -0.52418  0.26908
-0.51317 -0.51114  0.26233
-0.49927 -0.49746  0.25527
-0.48478 -0.48316  0.24789
-0.46970 -0.46824  0.24021
-0.45404 -0.45272  0.23223
-0.43780 -0.43662  0.22394
-0.42102 -0.41993  0.21537
-0.40368 -0.40269  0.20652
-0.38582 -0.38491  0.19739
-0.36745 -0.36661  0.18800
-0.34858 -0.34780  0.17835
-0.32923 -0.32852  0.16845
-0.30944 -0.30878  0.15833
-0.28922 -0.28861  0.14798
-0.26859 -0.26803  0.13743
-0.24759 -0.24707  0.12669
-0.22623 -0.22576  0.11576
-0.20455 -0.20413  0.10467
-0.18258 -0.18220  0.09342
-0.16034 -0.16001  0.08204
-0.13787 -0.13759  0.07055
-0.11520 -0.11497  0.05895
-0.09237 -0.09218  0.04726
-0.06939 -0.06925  0.03551
-0.04632 -0.04622  0.02370
-0.02318 -0.02313  0.01186
-0.01159 -0.01157  0.00593
 0.00000  0.00000  0.00000