fsz_nos_52_nb_4
0.0000  0.5257  -0.8507  100.0
0.9342  0.3568  0.0000  1400.0
0.7300  -0.6530  0.2018  2000.0
-0.8547  0.3265  0.4035  2000.0
0.8547  -0.3265  0.4035  2000.0
-0.3265  0.4035  -0.8547  2000.0
-0.3568  0.0000  0.9342  1400.0
0.2018  -0.7300  0.6530  2000.0
-0.7300  -0.6530  0.2018  2000.0
0.9342  -0.3568  0.0000  1400.0
-0.6530  0.2018  0.7300  2000.0
0.0000  0.5257  0.8507  100.0
0.4035  0.8547  -0.3265  2000.0
0.5257  0.8507  0.0000  700.0
-0.6530  0.2018  -0.7300  2000.0
0.0000  0.5257  -0.8507  700.0
0.5257  0.8507  0.0000  100.0
0.5774  0.5774  0.5774  1400.0
0.4035  -0.8547  -0.3265  2000.0
0.0000  0.2018  0.9794  2000.0
0.3265  0.4035  0.8547  2000.0
0.2018  -0.7300  -0.6530  2000.0
0.7300  0.6530  0.2018  2000.0
0.5774  0.5774  -0.5774  1400.0
0.3265  0.4035  -0.8547  2000.0
0.3568  0.0000  0.9342  1400.0
-0.5774  0.5774  0.5774  1400.0
0.2018  0.7300  -0.6530  2000.0
-0.3265  0.4035  0.8547  2000.0
0.4035  -0.8547  0.3265  2000.0
-0.8507  0.0000  0.5257  100.0
-0.8507  0.0000  0.5257  700.0
0.9794  0.0000  0.2018  2000.0
0.8507  0.0000  0.5257  100.0
-0.8547  -0.3265  0.4035  2000.0
-0.7300  0.6530  0.2018  2000.0
0.5257  -0.8507  0.0000  100.0
-0.9794  0.0000  0.2018  2000.0
0.0000  0.9342  -0.3568  1400.0
0.8507  0.0000  0.5257  700.0
0.5774  -0.5774  0.5774  1400.0
0.2018  -0.9794  0.0000  2000.0
0.8547  0.3265  0.4035  2000.0
0.2018  0.9794  0.0000  2000.0
0.0000  0.2018  -0.9794  2000.0
0.5257  -0.8507  0.0000  700.0
0.6530  0.2018  0.7300  2000.0
0.0000  0.9342  0.3568  1400.0
0.2018  0.7300  0.6530  2000.0
0.0000  0.5257  0.8507  700.0
0.4035  0.8547  0.3265  2000.0
0.6530  0.2018  -0.7300  2000.0
